           1           2   1.1747894332366482     
           2           3   1.1883460169446645     
           3           5   1.0303409171498827     
           5           6  0.96457435718393369     
           6           7   1.4158503043940438     
           7           8   1.4267854226967831     
           6           9  0.10527205684207484     
           8           9   1.4531771915360738     
           7          10  0.11811999050446874     
           9          10   1.4249986161132902     
           6          11   1.4156628006566820     
           8          11  0.10884491423755147     
          10          11   1.4422821877266898     
           4          12  0.94059593255785123     
          12          13  0.14614647475988407     
           3          14   1.0911799939388045     
          12          14   1.0957041101324394     
          13          14   1.5935714823085763     
           4          15   1.0053674071643983     
           1          17   1.6697795545726348     
           2          17  0.13936866127872694     
          16          18   1.0074713464471938     
          18          19  0.98652193308124170     
          19          20  0.98899462065125221     
           1          21  0.93833542155580452     
          20          21  0.99408059785746550     
          16          22  0.98510941440977162     
          21          22  0.97785251321763855     
          22          23  0.88964707688932088     
          23          24  0.72993024186380517     
          24          25   1.4099911993586169     
          25          26   1.4368576424141268     
          26          27   1.4023757452416470     
          25          28  0.10833886635206236     
          27          28   1.4011114976672130     
          24          29   1.4081719894054650     
          26          29  0.10502400920755860     
          28          29   1.4409426536241914     
          23          30   1.5331152711728129     
          23          31   1.5723855063872749     
          30          31  0.10360336731357148     
          27          32   1.0300864052860685     
           2          33  0.87610981600516713     
           4          34  0.97230692452714995     
           4          35  0.96748933732436326     
           5          36  0.95567247132177813     
           5          37  0.94010888344111809     
           7          38  0.96871445357628738     
           8          39  0.96636732850427509     
           9          40  0.96288430121553481     
          10          41  0.97006368410605026     
          11          42  0.96769602100344365     
          15          43  0.98938758450575703     
          15          44  0.98252887910102293     
          15          45  0.98850217700397902     
          16          46  0.96718624635675365     
          16          47  0.95900817528757332     
          18          48  0.97169347299233444     
          18          49  0.96711517270316294     
          20          50  0.96512671518576654     
          20          51  0.95689202580251820     
          21          52  0.92551920800404708     
          25          53  0.96376925988432149     
          26          54  0.96093924524516372     
          28          55  0.96486150019679628     
          29          56  0.96698075030013197     
          32          57  0.96113608980332166     
          32          58  0.98137458484883267     
          32          59  0.96226683687521120     
          60          61  0.95276390201745786     
          60          62   1.0333830039565399     
          62          63  0.94480461841797947     
          62          64  0.94990466517887295     
          64          65  0.96477656124262046     
          64          66  0.94503927260452658     
          64          67   1.0101245197997446     
          67          68   1.4158239998752022     
          68          69  0.96553001723320997     
          68          70   1.4365914587398667     
          70          71  0.97028712112955739     
          67          72  0.10918215212937624     
          70          72   1.4424291459651863     
          72          73  0.96451436488618425     
          68          74  0.10960900577316990     
          72          74   1.4272139325468924     
          74          75  0.97182019121785790     
          67          76   1.4013522784081802     
          70          76  0.11035775830153018     
          74          76   1.4517649109724848     
          76          77  0.96508858051034019     
          62          78  0.93947299671826356     
          78          79   1.6014153489871750     
          78          80   1.3017782838698619     
          79          80  0.18481801188233507     
          80          81  0.91216323711869263     
          80          82  0.99136409836106287     
          82          83  0.92996656687916979     
          82          84  0.94957271838773605     
          84          85  0.97481615626757678     
          84          86  0.95411798976904705     
          84          87  0.93061175706527011     
          87          88   1.4797558900055530     
          87          89   1.5026706388661308     
          88          89  0.21634637775021612     
          82          90  0.99850402954691675     
          90          91   1.8836487721049595     
          92          93  0.95007792093178955     
          92          94   1.0302678409595836     
          94          95  0.95678071063020986     
          94          96  0.92627480732863476     
          96          97  0.96917318689267018     
          96          98  0.95931571346096434     
          96          99   1.0076476866860284     
          99         100   1.4106788268753030     
         100         101  0.96838820356933808     
         100         102   1.4387992701185752     
         102         103  0.97242546287465303     
          99         104  0.10623297947584737     
         102         104   1.4384387827995200     
         104         105  0.97301693619837371     
         100         106  0.11278700937875710     
         104         106   1.4375995948068352     
         106         107  0.97129400070652672     
          99         108   1.4121404424320760     
         102         108  0.11123015352288808     
         106         108   1.4414952219920301     
         108         109  0.96906958374492069     
          94         110  0.97491315506593956     
         110         111   1.8937286795315025     
         112         113  0.95035887441400924     
         112         114   1.0207818365807120     
         114         115  0.93963000249504969     
         114         116  0.98441738884103480     
         116         117  0.96508563774159761     
         116         118  0.97590153212497088     
         116         119  0.99249241113463083     
         119         120  0.96635604318688273     
         119         121  0.96803788335744911     
         119         122  0.96955981858221052     
         122         123   1.6122433000761318     
         122         124   1.3297911749008902     
         123         124  0.19543607506669353     
         124         125  0.92067762395291686     
         124         126  0.91846320894236233     
         114         127  0.93389263339756901     
         127         128   1.6293499704045096     
         127         129   1.2837673666740792     
         128         129  0.18446386145644456     
         129         130  0.91469528277747547     
         129         131  0.98941795868475002     
         131         132  0.94109127459791120     
         131         133  0.97743240070364990     
         133         134  0.97040202657806274     
         133         135  0.97521000539252345     
         133         136   1.0034363484085158     
         136         137  0.96593203554374107     
         136         138  0.96749510961720719     
         136         139  0.92408248602590093     
         139         140   1.4908404466499190     
         139         141   1.4871040771794863     
         140         141  0.21230356222842142     
         131         142  0.93422939329959187     
         142         143   1.6196229804211768     
         142         144   1.3099214312834462     
         143         144  0.19711716221007355     
         144         145  0.90627011547166259     
         144         146  0.98333705367365809     
         146         147  0.94401643441686578     
         146         148  0.95942295058262661     
         148         149  0.96372822812671166     
         148         150   1.0059947380732124     
         150         151  0.98563491912830847     
         150         152  0.98299881034611869     
         150         153  0.98530664248835609     
         148         154   1.0032186980594970     
         154         155  0.98563936574296462     
         154         156  0.98472223105959011     
         154         157  0.98535149572299896     
         146         158  0.94371910777533452     
         158         159   1.6211304096917685     
         158         160   1.3163389292516536     
         159         160  0.19664374808931606     
         160         161  0.91238052143030623     
         160         162  0.97238395041590220     
         162         163  0.93686111566722607     
         162         164  0.96970442164466986     
         164         165  0.95797561092377681     
         164         166   1.0029192284703572     
         166         167  0.98037714671340037     
         166         168  0.97824305444029336     
         166         169  0.98015735138819748     
         164         170  0.99477380900535883     
         170         171  0.97570319353472368     
         170         172  0.97436962743392863     
         170         173   1.0165164259702921     
         173         174  0.98406147938673061     
         173         175  0.98613004034450702     
         173         176  0.98675756089622535     
         162         177  0.93963192026225562     
         177         178   1.6440090653654074     
         177         179   1.2866883832076739     
         178         179  0.19629897291292814     
         179         180  0.90962650562033054     
         179         181  0.97526717181625255     
         181         182  0.94400670164867895     
         181         183  0.95886904383519678     
         183         184  0.96770789620338793     
         183         185  0.96765594228949747     
         183         186   1.0042676857985298     
         186         187  0.97334067700241311     
         186         188  0.97515585617203082     
         186         189   1.0073131993413640     
         189         190  0.95834819759596068     
         189         191  0.95952158884018213     
         189         192  0.98394251414246559     
         192         193  0.91531901545284866     
         192         194   1.3181529668489229     
         192         195  0.10259578100738710     
         194         195   1.3241554142161607     
         195         196  0.91002616844861994     
         195         197  0.91328834453927121     
         194         198   1.3000859665021396     
         198         199  0.91416605982851429     
         198         200  0.90765548742560831     
         181         201  0.98116997786834625     
         201         202   1.8958953240941125     
         203         204  0.94746009996828739     
         203         205   1.0322772460962570     
         205         206  0.90816811650857043     
         205         207  0.95745730477971902     
         207         208  0.95803282958049052     
         207         209  0.96705561300984799     
         207         210   1.0053812716134432     
         210         211   1.3975000382380984     
         211         212  0.96880652856090110     
         211         213   1.4604190942754416     
         213         214  0.96561446590929412     
         213         215   1.3613046147755083     
         215         216   1.0612080152129044     
         216         217  0.86392268174108400     
         211         218  0.10635590524344850     
         215         218   1.3726246051455613     
         218         219  0.96027182921959042     
         210         220   1.4131473331287474     
         213         220  0.10621201850865694     
         218         220   1.4416636994656877     
         220         221  0.96440148928985625     
         205         222  0.98534975075717446     
         222         223   1.8715444480898622     
         224         225  0.93766216105765132     
         224         226   1.0368508970724610     
         226         227  0.95159172521280022     
         226         228  0.95213384206832230     
         226         229  0.93017534596289653     
         229         230   1.6369754126231961     
         229         231   1.2899835537551518     
         230         231  0.19120453988201064     
         231         232  0.90263994572757977     
         231         233  0.97754511537571476     
         233         234  0.95314348691397255     
         233         235  0.93874975252768478     
         235         236  0.96264548147286577     
         235         237  0.95698156259169564     
         235         238   1.0121596590987625     
         238         239   1.2735198390068698     
         239         240   1.5231087740531264     
         240         241  0.96360625047746706     
         239         242  0.10295018271554171     
         240         242   1.2942080143707324     
         242         243  0.91725003025964846     
         238         244   1.5584555681733765     
         240         244  0.11828194824594636     
         242         244   1.2108655054174318     
         244         245  0.95928731984421822     
         233         246  0.98797273409798936     
         246         247   1.8871401461036530     
         248         249  0.93808445064613877     
         248         250   1.0163460509406235     
         250         251  0.94763197726874038     
         250         252  0.94587621381412146     
         252         253  0.95754777233743027     
         252         254   1.0071923836259025     
         254         255  0.97820354151595323     
         254         256  0.97570830903331296     
         254         257  0.97820921109477632     
         252         258  0.99727362261836627     
         258         259  0.97780476804200445     
         258         260  0.95891574222301701     
         258         261   1.0102698442780291     
         261         262  0.98622696360928086     
         261         263  0.98466680175811550     
         261         264  0.98604975340798895     
         250         265  0.93683245358343981     
         265         266   1.6139484480484050     
         265         267   1.3083362549166855     
         266         267  0.19196226417851822     
         267         268  0.88526366537713663     
         267         269  0.96897024630533535     
         269         270  0.95257306851224821     
         269         271  0.94757643600226027     
         271         272  0.96010279738987536     
         271         273   1.0044605513771643     
         273         274  0.98383522327624873     
         273         275  0.98305010006574478     
         273         276  0.98238549364007999     
         271         277  0.99754982926807712     
         277         278  0.96550695989045443     
         277         279  0.97180039811406838     
         277         280   1.0132097555389481     
         280         281  0.97813145544922631     
         280         282  0.98159014371188780     
         280         283  0.98727907334851095     
         269         284  0.98196339436446234     
         284         285   1.8920099670336623     
          60         286  0.94115918338912385     
          90         287  0.94316745051793771     
          92         288  0.94463137150941123     
         110         289  0.93873802805563500     
         112         290  0.95198219636601633     
         201         291  0.93512618793115643     
         203         292  0.94148278524914231     
         222         293  0.92954367366964830     
         224         294  0.94330728708394496     
         246         295  0.93677031774525732     
         248         296  0.94416758150686431     
         284         297  0.93727086348920552     
