           1           2   1.2133282981217282     
           2           3   1.1591191155528497     
           3           5   1.0288404170295966     
           5           6  0.97589632630091905     
           6           7   1.4062495515861224     
           7           8   1.4463019929263892     
           6           9  0.10986340573987810     
           8           9   1.4339693001774882     
           7          10  0.11113309339838204     
           9          10   1.4367432968580607     
           6          11   1.4140646274961950     
           8          11  0.10966984494614369     
          10          11   1.4419183720993898     
           4          12  0.93262532089249217     
          12          13  0.14418169258858654     
           3          14   1.1050109757126363     
          12          14   1.0807132348259847     
          13          14   1.6028519678352708     
           4          15   1.0074868918139441     
           1          17   1.6635244590470453     
           2          17  0.15258770140459915     
          16          18   1.0073742780887693     
          18          19  0.98468664482087054     
          19          20  0.99016609465083771     
           1          21  0.93325697129255902     
          20          21  0.99149235883579112     
          16          22  0.98387935661351866     
          21          22  0.98292606312857456     
          22          23  0.88312648077054123     
          23          24  0.73672542716351397     
          24          25   1.4061298207293782     
          25          26   1.4430577255119759     
          26          27   1.3972497456353246     
          25          28  0.10451076996166200     
          27          28   1.3963396764104132     
          24          29   1.4038093116955004     
          26          29  0.10597657842858987     
          28          29   1.4427912498879512     
          23          30   1.5570473319068903     
          23          31   1.5240402099732204     
          30          31  0.10574840203274251     
          27          32   1.0326166630630420     
           2          33  0.87558216227856334     
           4          34  0.97128052739947868     
           4          35  0.96749211637800081     
           5          36  0.95867114248809637     
           5          37  0.92634006521610501     
           7          38  0.96882187760986760     
           8          39  0.96260748483215908     
           9          40  0.97069323621536352     
          10          41  0.96806161521941170     
          11          42  0.96627539249927408     
          15          43  0.98487497659315149     
          15          44  0.98896642454497485     
          15          45  0.98270752466366496     
          16          46  0.95938866400386347     
          16          47  0.95876660992006701     
          18          48  0.97353584048548747     
          18          49  0.96678367411963329     
          20          50  0.97195421416509475     
          20          51  0.96298678466337495     
          21          52  0.92776781728895252     
          25          53  0.96366625048415044     
          26          54  0.95820855141759942     
          28          55  0.96100727730805935     
          29          56  0.96507981379062591     
          32          57  0.94979938150082344     
          32          58  0.97358128099223640     
          32          59  0.97199446844826487     
          60          61  0.94623382974498238     
          60          62   1.0394802714697613     
          62          63  0.93359687928131052     
          62          64  0.92010063396731279     
          64          65  0.95859567014449920     
          64          66  0.96664820795708928     
          64          67   1.0120758877712761     
          67          68   1.3901899151786750     
          68          69  0.96800556152388495     
          68          70   1.4669765317671508     
          70          71  0.96748029522914536     
          70          72   1.3475525272047157     
          72          73   1.0853663539151914     
          73          74  0.83529059681177875     
          68          75  0.10168773027313173     
          72          75   1.3645919244061877     
          75          76  0.96314018685545166     
          67          77   1.4036326629276576     
          70          77  0.10480772400400976     
          75          77   1.4503148282701257     
          77          78  0.96611109339305579     
          62          79  0.98959322838142993     
          79          80   1.8741686721608237     
          81          82  0.95125733598257689     
          81          83   1.0334797272616099     
          83          84  0.92484984525694969     
          83          85  0.96597940881985711     
          85          86  0.96468883270456784     
          85          87  0.95836290799982715     
          85          88   1.0060032979014888     
          88          89   1.4086075767365231     
          89          90  0.96618002206417042     
          89          91   1.4424439036263925     
          91          92  0.97002297540297155     
          88          93  0.10730351047378266     
          91          93   1.4355490320190476     
          93          94  0.97169195245858520     
          89          95  0.11191586158370430     
          93          95   1.4413139401670896     
          95          96  0.97271535026124434     
          88          97   1.4156437376586264     
          91          97  0.11282370689829617     
          95          97   1.4380288179667462     
          97          98  0.96547681441639943     
          83          99  0.92492763691944990     
          99         100   1.6073013963791185     
          99         101   1.2988981434055491     
         100         101  0.18836133372337249     
         101         102  0.92058079671741999     
         101         103  0.98059997491555673     
         103         104  0.94568528935357921     
         103         105  0.94694208921762879     
         105         106  0.97067664413461907     
         105         107  0.95032726563865422     
         105         108  0.94376492440092807     
         108         109   1.4893431098095289     
         108         110   1.4614229801944563     
         109         110  0.21099341007126166     
         103         111  0.98934842543394397     
         111         112   1.8994799758872942     
         113         114  0.94546280997012055     
         113         115   1.0265010107242452     
         115         116  0.91968463216212648     
         115         117  0.96962476356073235     
         117         118  0.96856963117443240     
         117         119  0.96612312942740386     
         117         120   1.0051046980792144     
         120         121  0.96855852941098053     
         120         122  0.97609359128357021     
         120         123  0.99692072231467921     
         123         124  0.96474563462836016     
         123         125  0.96698033424434393     
         123         126  0.98009660116547381     
         126         127  0.91711053585656110     
         126         128   1.2903835312189980     
         128         129   1.3261163637508273     
         129         130  0.91729290368791749     
         129         131  0.87161672219857378     
         128         132   1.3268851102411352     
         129         132  0.10786202507743183     
         132         133  0.92440228994746187     
         132         134  0.86734077378783225     
         115         135  0.98011840815903051     
         135         136   1.8732864046760951     
         137         138  0.94931013692123467     
         137         139   1.0389785927799575     
         139         140  0.94436142853207383     
         139         141  0.92997164275510025     
         141         142  0.96086912352870235     
         141         143  0.96629778624989304     
         141         144   1.0072491146753904     
         144         145   1.3941199303920093     
         145         146  0.96653755066258529     
         145         147   1.4520200248779862     
         147         148  0.97051599010447043     
         144         149  0.10647032826407291     
         147         149   1.4281143015461379     
         149         150  0.96912098723832574     
         145         151  0.11494187607968850     
         149         151   1.4477130910690523     
         151         152  0.97199808651582165     
         144         153   1.4280375253378452     
         147         153  0.10873849342977174     
         151         153   1.4269378680278630     
         153         154  0.96730130526320901     
         139         155  0.98056473283503587     
         155         156   1.8823001191920674     
         157         158  0.95223072553375254     
         157         159   1.0272852575740132     
         159         160  0.93338345506921583     
         159         161  0.97777840040249075     
         161         162  0.97390983084430038     
         161         163  0.97338821443029588     
         161         164  0.98597512208385640     
         164         165  0.97182846822704105     
         164         166  0.96093245268470473     
         164         167  0.97456098942755931     
         167         168   1.6217174507693617     
         167         169   1.3167200461256254     
         168         169  0.19533803600214936     
         169         170  0.92270920066630324     
         169         171  0.91638797212765333     
         159         172  0.94139167006029734     
         172         173   1.6150896359602549     
         172         174   1.2902895591960504     
         173         174  0.18902820605608223     
         174         175  0.92066649172897086     
         174         176  0.97953829930758651     
         176         177  0.92719437032410779     
         176         178  0.97878810056105403     
         178         179  0.97223652202480204     
         178         180  0.97483207864614840     
         178         181  0.99741067666682737     
         181         182  0.96592028532938745     
         181         183  0.97758389942164736     
         181         184  0.94709872798726114     
         184         185   1.4810096922823859     
         184         186   1.4756373558436129     
         185         186  0.20164555416129548     
         176         187  0.94234677283008617     
         187         188   1.6223534546490763     
         187         189   1.3096657365523798     
         188         189  0.19745242964798423     
         189         190  0.90506741458896767     
         189         191  0.98448749215331510     
         191         192  0.91734403571610168     
         191         193  0.94154027476887159     
         193         194  0.96143093141631175     
         193         195   1.0040922338634699     
         195         196  0.98073331081507664     
         195         197  0.98165861161869494     
         195         198  0.98222019793893944     
         193         199   1.0077170440742353     
         199         200  0.98429434705106300     
         199         201  0.98267860919419636     
         199         202  0.98507407862481278     
         191         203   1.0001149481804203     
         203         204   1.8857587114790564     
         205         206  0.94774630331805987     
         205         207   1.0292278252304847     
         207         208  0.94239477176964537     
         207         209  0.94938674160833936     
         209         210  0.96027843824907277     
         209         211  0.97194133361718038     
         209         212   1.0047881228502156     
         212         213   1.4183171514342567     
         213         214  0.96520650156839805     
         213         215   1.4361825756992295     
         215         216  0.96973861517027349     
         215         217   1.3786438219276922     
         217         218   1.0596165774633644     
         218         219  0.85315841711337703     
         213         220  0.10616766611844888     
         217         220   1.3579569940987750     
         220         221  0.96411391264502466     
         212         222   1.3953690483081254     
         215         222  0.10791138050374605     
         220         222   1.4642246762567173     
         222         223  0.96586777136838342     
         207         224  0.96831940793859239     
         224         225   1.8819015011946014     
         226         227  0.95094602277592599     
         226         228   1.0199775883966364     
         228         229  0.95785712192103789     
         228         230  0.92261292430241426     
         230         231  0.96874764764540555     
         230         232  0.95717362313214061     
         230         233   1.0121806820926413     
         233         234   1.2631203105249942     
         234         235   1.5240479959117190     
         235         236  0.96425192527701531     
         234         237  0.10297304665934877     
         235         237   1.2993695900263491     
         237         238  0.92034545406538404     
         233         239   1.5631332455925067     
         235         239  0.11417083648152135     
         237         239   1.2014402870177499     
         239         240  0.96434606376578347     
         228         241  0.99047772693858649     
         241         242   1.8898867411878193     
         243         244  0.95204007590171535     
         243         245   1.0247376301953115     
         245         246  0.94505282042416205     
         245         247  0.92831940907104982     
         247         248  0.95387583347993732     
         247         249   1.0083503024480056     
         249         250  0.97904715004704879     
         249         251  0.97797605663857023     
         249         252  0.98494775975037796     
         247         253  0.99204140886530812     
         253         254  0.97345646924035556     
         253         255  0.96584865038624179     
         253         256   1.0171387786427635     
         256         257  0.98419188550095349     
         256         258  0.97357278251509249     
         256         259  0.98065845904950089     
         245         260  0.98107399435342912     
         260         261   1.8838790099629856     
          60         262  0.93946199865573987     
          79         263  0.93754913142348240     
          81         264  0.94455168296026959     
         111         265  0.93433461881531943     
         113         266  0.94803142120022299     
         135         267  0.93627323668632700     
         137         268  0.94100572494896118     
         155         269  0.93946328335591311     
         157         270  0.95514463421506368     
         203         271  0.93562860177595741     
         205         272  0.94738936185808675     
         224         273  0.93485051380296691     
         226         274  0.94376978214781548     
         241         275  0.93877454450406272     
         243         276  0.93644244563993639     
         260         277  0.93771788392633171     
