           1           2  0.95899346667476681     
           1           3   1.0249029908817997     
           3           4  0.95452584666738083     
           3           5  0.93345607567264244     
           5           6  0.96412761449849482     
           5           7  0.96480928937671706     
           5           8   1.0091480554469818     
           8           9   1.4023264314746144     
           9          10  0.96776358142510910     
           9          11   1.4566210610253574     
          11          12  0.96789743396297578     
          11          13   1.3598194270391966     
          13          14   1.0775337882419456     
          14          15  0.83480237247537858     
           9          16  0.10618033725457740     
          13          16   1.3690326296681661     
          16          17  0.96712406873741852     
           8          18   1.4082516159902903     
          11          18  0.10634558974877006     
          16          18   1.4481592502701248     
          18          19  0.96584563644060517     
           3          20  0.98354720367214166     
          20          21   1.8940325152821254     
          22          23  0.94974671574420466     
          22          24   1.0165838218487782     
          24          25  0.95844728996514472     
          24          26  0.96509657373566093     
          26          27  0.96491160302353962     
          26          28  0.96219128310642366     
          26          29   1.0091625122559085     
          29          30   1.4109698367367307     
          30          31  0.96942316238759596     
          30          32   1.4379353155086907     
          32          33  0.96940993050954805     
          29          34  0.10961237964553489     
          32          34   1.4402876784904846     
          34          35  0.96951144826462865     
          30          36  0.11051701485505117     
          34          36   1.4312179425676013     
          36          37  0.96951016760271935     
          29          38   1.4057985699350755     
          32          38  0.11111160139516629     
          36          38   1.4466183455282886     
          38          39  0.97000460741549921     
          24          40  0.93792271797283955     
          40          41   1.6226535622414175     
          40          42   1.3006836491800788     
          41          42  0.19309359611588151     
          42          43  0.90858229524483547     
          42          44  0.98569145744428710     
          44          45  0.92509359290270499     
          44          46  0.94425152552488156     
          46          47  0.97614251543314268     
          46          48  0.95894420944170200     
          46          49  0.94698907615641414     
          49          50   1.4952026332838333     
          49          51   1.4627242734970725     
          50          51  0.21288254876550450     
          44          52   1.0002708483242000     
          52          53   1.8783061132280996     
          54          55  0.95589253361337179     
          54          56   1.0260646674469249     
          56          57  0.93002117573279552     
          56          58  0.97008873358264858     
          58          59  0.96984182766435878     
          58          60  0.96395582485982878     
          58          61   1.0038665607483215     
          61          62  0.97211083273303323     
          61          63  0.97073449198048911     
          61          64  0.99741094184248669     
          64          65  0.96342411777389458     
          64          66  0.96577824753696295     
          64          67  0.98382143693151480     
          67          68  0.91536646501661090     
          67          69   1.2926898490174872     
          69          70   1.3258456600300312     
          70          71  0.91785640671689306     
          70          72  0.87186740018244735     
          67          73  0.10044062787928922     
          69          73   1.3246784810396701     
          70          73  0.10519519528906605     
          73          74  0.91621288683500390     
          73          75  0.86927847025729699     
          56          76  0.97048193853374198     
          76          77   1.8749008961622369     
          78          79  0.95416089655116243     
          78          80   1.0251139649118810     
          80          81  0.93771136526026178     
          80          82  0.94896489316952171     
          82          83  0.96340580777540952     
          82          84  0.96530377723702776     
          82          85   1.0049092446582177     
          85          86   1.3990407303267149     
          86          87  0.96948045161460616     
          86          88   1.4530976109939806     
          88          89  0.96604496621711422     
          85          90  0.11151631269474396     
          88          90   1.4311557823628163     
          90          91  0.96700022356497706     
          86          92  0.11304941414053191     
          90          92   1.4412298976067763     
          92          93  0.97268232654509490     
          85          94   1.4220423730595173     
          88          94  0.10764685323931841     
          92          94   1.4361652513987475     
          94          95  0.96910241995055424     
          80          96  0.97717648344615482     
          96          97   1.8925868142543167     
          98          99  0.95496378961268347     
          98         100   1.0205890545022742     
         100         101  0.95205288332020943     
         100         102  0.97536988907666933     
         102         103  0.97492618824436661     
         102         104  0.97177779117711183     
         102         105   1.0039019006023353     
         105         106  0.97516478945263729     
         105         107  0.95818870692820990     
         105         108  0.94301678839405645     
         108         109   1.4791670192777271     
         108         110   1.4864630653043758     
         109         110  0.21194403547643714     
         100         111  0.93829647367197100     
         111         112   1.6044919773329220     
         111         113   1.3124360274610227     
         112         113  0.19118250161162281     
         113         114  0.90998171639416070     
         113         115  0.98514755414584010     
         115         116  0.94592186781194820     
         115         117  0.95758770540669480     
         117         118  0.96087644097940761     
         117         119   1.0054551944650090     
         119         120  0.98396973837228674     
         119         121  0.97606044213106991     
         119         122  0.98034772714447138     
         117         123   1.0077252067375366     
         123         124  0.98058975405479065     
         123         125  0.98397445774538950     
         123         126  0.98095971008710359     
         115         127  0.94333709594653714     
         127         128   1.6149979717513248     
         127         129   1.3121945238347406     
         128         129  0.19139117042804057     
         129         130  0.90426889274898770     
         129         131  0.97225781869812811     
         131         132  0.94910626408880139     
         131         133  0.93866836563072387     
         133         134  0.96553450911080896     
         133         135  0.99616631285306922     
         135         136  0.98237241694771438     
         135         137  0.97717437155273568     
         135         138  0.97717481765319980     
         133         139  0.99602760555107384     
         139         140  0.97593902924232911     
         139         141  0.97255678594464368     
         139         142   1.0176910158778985     
         142         143  0.98482271781856756     
         142         144  0.98440574104129508     
         142         145  0.98494953277671937     
         131         146  0.98502339691043239     
         146         147   1.8867268823078307     
         148         149  0.95397837622087422     
         148         150   1.0294546763529411     
         150         151  0.93376763374671090     
         150         152  0.95679872958995504     
         152         153  0.95867627307532199     
         152         154  0.96677762047354621     
         152         155   1.0071923066632622     
         155         156   1.4115080525441417     
         156         157  0.96751912979709154     
         156         158   1.4467136475184450     
         158         159  0.96567347665885528     
         158         160   1.3724108393312453     
         160         161   1.0651822629709742     
         161         162  0.84886892214364140     
         156         163  0.10633742475378738     
         160         163   1.3676046160006765     
         163         164  0.96479665124777481     
         155         165   1.4007834715828955     
         158         165  0.10858793991907205     
         163         165   1.4525437033040163     
         165         166  0.96508399433583858     
         150         167  0.97450040922723546     
         167         168   1.8666795969061969     
         169         170  0.92490316633281000     
         169         171   1.0275574438073174     
         171         172  0.95912323616831785     
         171         173  0.92644172563241411     
         173         174  0.96798731577005204     
         173         175  0.96524557849196679     
         173         176   1.0097552412782542     
         176         177   1.2819491168891399     
         177         178   1.5104821373070316     
         178         179  0.96346700918253680     
         177         180  0.10420666535738751     
         178         180   1.3017755379225844     
         180         181  0.92299688666105273     
         176         182   1.5583828515407683     
         178         182  0.12464673427812722     
         180         182   1.1974391760712764     
         182         183  0.96127151635769681     
         171         184  0.99260849207427804     
         184         185   1.8646600629346877     
         186         187  0.94905127960673830     
         186         188   1.0253285092276669     
         188         189  0.94107902406177613     
         188         190  0.96015143502367473     
         190         191  0.96448483012214281     
         190         192   1.0055593446576010     
         192         193  0.98344646500256649     
         192         194  0.97722472002437211     
         192         195  0.97780897905327036     
         190         196  0.99416499653784807     
         196         197  0.97556638017582520     
         196         198  0.97445034309678680     
         196         199   1.0166496714352740     
         199         200  0.98760659229347292     
         199         201  0.98647214897982793     
         199         202  0.98525846894338542     
         188         203  0.93531768031143392     
         203         204   1.6153286956340627     
         203         205   1.3034878307085898     
         204         205  0.19321050360715600     
         205         206  0.89934732415196683     
         205         207  0.97886276893487534     
         207         208  0.95294200532315887     
         207         209  0.94175717020075467     
         209         210  0.95262854926409013     
         209         211   1.0050627857105767     
         211         212  0.98375560659989825     
         211         213  0.97977127166734435     
         211         214  0.98451790670432027     
         209         215  0.99625091674760913     
         215         216  0.96510044014257024     
         215         217  0.97445134574016445     
         215         218   1.0130492463534198     
         218         219  0.98365475538968294     
         218         220  0.98827988887004703     
         218         221  0.98313996411566085     
         207         222  0.98050745934141759     
         222         223   1.8763819099008907     
           1         224  0.95208520282510567     
          20         225  0.93786919260333568     
          22         226  0.95289592306987259     
          52         227  0.93772903348132886     
          54         228  0.95479252110775903     
          76         229  0.93547012666474061     
          78         230  0.95842141060073560     
          96         231  0.93714982835030902     
          98         232  0.95630312189907507     
         146         233  0.93669115543233161     
         148         234  0.95686196970242898     
         167         235  0.93616098976580231     
         169         236  0.95729783812236380     
         184         237  0.94129049275739218     
         186         238  0.94963034697547877     
         222         239  0.93765575394718281     
