   -0.37008312
    0.15811303
    0.04390543
    0.06017656
   -0.08029704
    0.07368790
    0.05444430
    0.00132599
   -0.04488418
    0.03026475
   -0.06938972
    0.02590048
    0.14051166
   -0.43950081
    0.34456082
   -0.06476391
    0.05118209
   -0.04428236
    0.05579863
    0.20806071
   -0.37657254
   -0.38283621
    0.16105049
    0.03365587
    0.04975453
   -0.06272175
    0.06166402
    0.04022721
    0.00239411
   -0.04754029
    0.03540287
   -0.03756361
    0.04559092
   -0.03433548
    0.04605531
   -0.03363265
    0.04188342
   -0.03855960
    0.01741639
    0.26759156
   -0.52216646
   -0.16194388
    0.21791260
    0.04527911
    0.08959604
   -0.08719570
    0.05103297
    0.06436735
    0.36301273
   -0.61170924
   -0.61307151
    0.20036090
   -0.36990382
   -0.38021505
    0.16694429
    0.04293408
    0.07876897
   -0.07400424
    0.06558811
    0.07500792
   -0.07768341
    0.05583359
    0.05473058
   -0.02205195
    0.07925898
    0.09127208
   -0.15193777
    0.23210027
    0.23323893
   -0.26754755
    0.24203608
    0.23973112
   -0.27233556
    0.24322537
    0.25008050
    0.19730948
   -0.40458661
   -0.35782094
    0.16984594
    0.04184744
    0.07935789
   -0.07010521
    0.06667627
    0.07545461
    0.00319197
   -0.04326736
    0.03325591
   -0.03618677
    0.03257237
   -0.04311966
    0.03396723
   -0.04135505
    0.03287613
   -0.04598950
    0.04482765
    0.20933729
   -0.37859456
   -0.37806560
    0.16456084
    0.03334424
    0.03966502
   -0.04247682
    0.02955853
    0.04840598
   -0.08980022
    0.03123565
    0.03353659
    0.36116412
   -0.67043126
   -0.66490302
    0.26719230
   -0.53897973
   -0.15371902
    0.21243979
    0.02230642
    0.07582594
   -0.02329414
    0.06560639
   -0.11289741
    0.02404063
    0.06591731
    0.04140578
   -0.11988677
    0.04061195
    0.03478720
    0.06866893
    0.26948704
   -0.52457266
   -0.15684933
    0.22592568
    0.03342528
    0.07787236
   -0.01698533
    0.05634111
   -0.12635775
    0.04767271
    0.05170958
    0.06834493
   -0.05891682
    0.03766438
    0.04996564
   -0.11267856
    0.04055177
    0.04971804
    0.05107240
    0.21129619
   -0.37310576
   -0.36171679
    0.17440496
    0.04226835
    0.07087697
   -0.06692284
    0.05588000
    0.05981375
    0.00407412
   -0.04341770
    0.04763087
   -0.07255833
    0.04324630
    0.13881267
   -0.45274633
    0.35895267
   -0.05804593
    0.04585182
   -0.04412050
    0.04636280
    0.19823592
   -0.40709958
   -0.36479636
    0.17672078
    0.05072047
    0.04818936
   -0.07432245
    0.05274191
    0.07418781
    0.04692943
   -0.32671554
    0.07573270
    0.05477835
   -0.10242596
    0.21915230
   -0.03740922
    0.04917832
    0.19640217
   -0.37872358
   -0.38250192
    0.15816751
    0.02251992
    0.05695929
   -0.02370423
    0.04829294
   -0.09992235
    0.03748267
    0.04727192
    0.02697920
   -0.05750389
    0.02110299
    0.02995661
   -0.10307747
    0.03168468
    0.03591638
    0.03356293
    0.27257072
   -0.51621189
   -0.16608980
    0.22789181
    0.03002650
    0.06383097
   -0.01705015
    0.06349686
   -0.12112355
    0.04427522
    0.06208219
    0.03653191
   -0.04766924
    0.02107260
    0.03467363
   -0.10840457
    0.04493057
    0.03181266
    0.05849257
    0.19459840
   -0.37064324
    0.18186226
    0.05600435
    0.18085013
    0.07103438
    0.17293128
    0.05761661
    0.16453924
    0.03415203
    0.17151726
    0.06426308
    0.16816538
    0.05337713
    0.17000624
    0.06487191
    0.18454740
    0.08075900
