   -0.36482941
    0.16414858
    0.04346480
    0.07966990
   -0.07748134
    0.07200353
    0.05178335
    0.01314139
   -0.04038380
    0.03943269
   -0.03758330
    0.04002441
   -0.04283047
    0.04183936
   -0.03679776
    0.02986418
   -0.04345025
    0.02872012
    0.20592426
   -0.39812316
   -0.36526655
    0.15811842
    0.04625352
    0.06546345
   -0.07174662
    0.05530774
    0.06331514
    0.00472709
   -0.04452197
    0.03107630
   -0.03941413
    0.03367596
   -0.04363805
    0.03972575
   -0.03876875
    0.03917139
   -0.04430563
    0.04253760
    0.20735276
   -0.37316889
   -0.37163241
    0.17067778
    0.04178789
    0.07493224
   -0.06420724
    0.04708555
    0.05113967
    0.00040791
   -0.04492846
    0.04718293
   -0.06112957
    0.04629035
    0.14571088
   -0.46545188
    0.37431972
   -0.07352204
    0.05005339
   -0.04216488
    0.05134093
    0.20227285
   -0.40522258
   -0.35946279
    0.18387912
    0.04912116
    0.04544816
   -0.07415128
    0.05418312
    0.05559687
    0.04449904
   -0.32647966
    0.08643631
    0.04029326
   -0.10251698
    0.22912406
   -0.03257773
    0.05278120
    0.21491411
   -0.37264265
   -0.37759988
    0.15470055
    0.02793508
    0.05929969
   -0.02463033
    0.04407021
   -0.11129481
    0.04715412
    0.03604316
    0.03236600
   -0.05710801
    0.03103111
    0.03140171
   -0.10313823
    0.04079126
    0.03973872
    0.02310750
    0.27430795
   -0.52035900
   -0.15913194
    0.21427766
    0.02981916
    0.08203541
   -0.02328796
    0.05871795
   -0.11698397
    0.03652250
    0.06463548
    0.03595466
   -0.05376638
    0.02912898
    0.04200599
   -0.10815811
    0.04528169
    0.05025080
    0.03252339
    0.20965635
   -0.36103384
    0.17418750
    0.05485959
    0.17609146
    0.05695741
    0.16555190
    0.05929770
    0.15833966
    0.05063130
    0.17983501
    0.07016395
