   -0.37748143
    0.14906537
    0.03252022
    0.05981146
   -0.06618692
    0.06066100
    0.03938513
    0.01244406
   -0.04047479
    0.05081460
   -0.04067714
    0.04634532
   -0.04242364
    0.04563917
   -0.03309854
    0.02489769
   -0.03728955
    0.01049027
    0.27612863
   -0.52490653
   -0.16185882
    0.22100586
    0.04500791
    0.07716052
   -0.08064153
    0.03708608
    0.05684216
    0.36441838
   -0.64195245
   -0.65549148
    0.20980813
   -0.36508512
   -0.36994461
    0.16893893
    0.04217724
    0.07120552
   -0.07740696
    0.05428767
    0.06826984
    0.00565888
   -0.04226971
    0.03464684
   -0.03689410
    0.03908871
   -0.03796139
    0.02647825
   -0.04005383
    0.03912737
   -0.04673435
    0.04245109
    0.21523604
   -0.37461184
   -0.37610365
    0.16296134
    0.02314762
    0.05240057
   -0.04406665
    0.02032791
    0.04096580
   -0.09026944
    0.04815526
    0.03074353
    0.36425948
   -0.67658746
   -0.66206119
    0.26779769
   -0.52936329
   -0.17141197
    0.21598860
    0.01381397
    0.07226157
   -0.01711204
    0.04355654
   -0.10989085
    0.03039595
    0.05240983
    0.04080088
   -0.12309344
    0.05091831
    0.04992378
    0.06906452
    0.27347319
   -0.50680303
   -0.15719339
    0.22196059
    0.02414311
    0.08781849
   -0.02257013
    0.06518269
   -0.12818065
    0.06988794
    0.04689627
    0.05063430
   -0.06180818
    0.02880726
    0.03935323
   -0.11544157
    0.04985169
    0.05181494
    0.04392618
    0.20995982
   -0.37177617
   -0.36753849
    0.17254317
    0.04249600
    0.07713665
   -0.06902542
    0.05933123
    0.04771792
    0.00670113
   -0.04444958
    0.05510684
   -0.07139613
    0.04353722
    0.14160188
   -0.45559163
    0.35654501
   -0.05944823
    0.04049336
   -0.04462656
    0.05155767
    0.19568478
   -0.41127567
   -0.36051768
    0.16516456
    0.04305253
    0.05000851
   -0.07068844
    0.04049046
    0.06241449
    0.03979265
   -0.32156206
    0.08101788
    0.05364682
   -0.10440631
    0.21781744
   -0.03172691
    0.03683834
    0.20779142
   -0.35316104
   -0.37976873
    0.15552780
    0.03378971
    0.04289645
   -0.02202846
    0.04764312
   -0.10891133
    0.03534368
    0.03030244
    0.05884263
   -0.05876442
    0.02762412
    0.03134051
   -0.10598969
    0.03170390
    0.03448203
    0.03705835
    0.27247734
   -0.52172460
   -0.17172324
    0.22638696
    0.02800643
    0.07159768
   -0.01943467
    0.05417615
   -0.12340480
    0.06080800
    0.04037892
    0.05455298
   -0.05525391
    0.03283690
    0.04631817
   -0.10553203
    0.02877343
    0.04178569
    0.03421998
    0.20361461
   -0.36584690
    0.18981724
    0.05666123
    0.18330825
    0.03837110
    0.17724971
    0.07116916
    0.17225109
    0.06409444
    0.19368610
    0.06818153
    0.17599273
    0.07851504
