    0.28158786
   -0.06924514
    0.10899896
    0.06748676
   -0.09748475
    0.01425522
   -0.04416026
   -0.03301155
   -0.03114767
   -0.03308492
   -0.04516812
   -0.23549296
   -0.42396043
    0.36355310
   -0.13855378
   -0.02010605
   -0.40390939
   -0.04895342
    0.02130989
   -0.04299914
    0.02655472
   -0.27737505
    1.14877278
   -0.08514104
   -0.03096181
   -0.03609694
    0.04392286
   -0.03480303
   -0.03289046
   -0.64813239
   -0.64389878
   -0.13653713
    0.27151456
    0.07342120
    0.07142463
    0.15416834
    0.19815097
    0.05487255
    0.05444791
    0.05318786
    0.06103235
    0.07219587
    0.06279000
    0.07663238
    0.07564132
    0.10268127
    0.09120223
    0.08918650
    0.12316367
    0.08476960
    0.10153594
    0.10849114
    0.07119335
    0.08743412
    0.08609389
    0.07580121
    0.06753263
    0.07441003
    0.07369650
