           1           2   1.1914522562712033     
           2           3   1.1659636194569702     
           3           5   1.0364916044894013     
           5           6  0.96661069760800422     
           6           7   1.4065242264450741     
           7           8   1.4467657528045661     
           6           9  0.10893835107231196     
           8           9   1.4267560103968373     
           7          10  0.10954140840234398     
           9          10   1.4442787763318505     
           6          11   1.4086667777964472     
           8          11  0.11170996663028369     
          10          11   1.4361281329889006     
           4          12  0.93659116565361533     
          12          13  0.14622177252581881     
           3          14   1.1076944594017946     
          12          14   1.0924743753595614     
          13          14   1.5909892234613239     
           4          15   1.0053793240230822     
           1          17   1.6593280280404785     
           2          17  0.14965720281276293     
          16          18   1.0008504140873191     
          18          19  0.98761343122493050     
          19          20  0.99047579468698022     
           1          21  0.94496312439395624     
          20          21  0.99077087127696761     
          16          22  0.99365130060881746     
          21          22  0.96607902320302941     
          22          23  0.89156568460382124     
          23          24  0.72410785781992903     
          24          25   1.4057518085975758     
          25          26   1.4466265614882536     
          26          27   1.3951532828158746     
          25          28  0.10536021652757525     
          27          28   1.4058616497680632     
          24          29   1.4097422536161803     
          26          29  0.10583162761820995     
          28          29   1.4383942016479396     
          23          30   1.5432841429409470     
          23          31   1.5567389115322861     
          27          32   1.0289734615394706     
           2          33  0.88288517242739584     
           4          34  0.96927083795205282     
           4          35  0.97006411247091440     
           5          36  0.94525813402206360     
           5          37  0.94039265697066854     
           7          38  0.96805409916615748     
           8          39  0.96853072860265188     
           9          40  0.96916623955583492     
          10          41  0.97076978179345719     
          11          42  0.96894675169589728     
          15          43  0.98110561128223539     
          15          44  0.98420549862440876     
          15          45  0.98592897214084441     
          16          46  0.96688440944240051     
          16          47  0.95932437380241575     
          18          48  0.96933054945334807     
          18          49  0.96766335179363006     
          20          50  0.96384111890351476     
          20          51  0.96653760070385530     
          21          52  0.93502319800774358     
          25          53  0.96284202111647954     
          26          54  0.95500757299950956     
          28          55  0.96254217017297927     
          29          56  0.96657030314990666     
          32          57  0.95256368554408477     
          32          58  0.97788779351138044     
          32          59  0.97096791767367718     
          60          61  0.94880455684976817     
          60          62   1.0314193939684633     
          62          63  0.95249780549146401     
          62          64  0.94360865868996580     
          64          65  0.96257881394412825     
          64          66  0.96043021479245505     
          64          67   1.0114239347721403     
          67          68   1.4145632949506330     
          68          69  0.96653345298971405     
          68          70   1.4373384925482000     
          70          71  0.96943091673299608     
          67          72  0.10770400970325023     
          70          72   1.4461366055877329     
          72          73  0.97119688844443353     
          68          74  0.11159366238990347     
          72          74   1.4251934695265513     
          74          75  0.96926196062466619     
          67          76   1.4029895462726731     
          70          76  0.10912443866046792     
          74          76   1.4491935170148220     
          76          77  0.96456549753311549     
          62          78  0.92979254800807865     
          78          79   1.6302276844507770     
          78          80   1.2899125235497804     
          79          80  0.19166998863328824     
          80          81  0.91074401751860568     
          80          82  0.98869055775892511     
          82          83  0.94302564122757748     
          82          84  0.94095200766547638     
          84          85  0.97323398459315724     
          84          86  0.95019751956390563     
          84          87  0.92700994597522024     
          87          88   1.5090906593536291     
          87          89   1.4747653606885793     
          88          89  0.21655192739945864     
          82          90  0.99858683016559258     
          90          91   1.8879372898115592     
          92          93  0.94834251216318521     
          92          94   1.0344997285324278     
          94          95  0.92920344047086756     
          94          96  0.93659825925081808     
          96          97  0.97136013589783510     
          96          98  0.96001983272685842     
          96          99   1.0102931656674776     
          99         100   1.4067720539438247     
         100         101  0.96867805628211046     
         100         102   1.4458442738273516     
         102         103  0.97048628215703214     
          99         104  0.10604934975948589     
         102         104   1.4296905876486155     
         104         105  0.96892788679043473     
         100         106  0.11149073782832464     
         104         106   1.4461272330639370     
         106         107  0.97131922133774884     
          99         108   1.4179088866247345     
         102         108  0.11370638636825393     
         106         108   1.4334095413203294     
         108         109  0.96883041408890735     
          94         110  0.98304523974343105     
         110         111   1.8883602281950567     
         112         113  0.94922603565287844     
         112         114   1.0323052917981719     
         114         115  0.94832236436753137     
         114         116  0.97397356283768055     
         116         117  0.97482641898914946     
         116         118  0.97257142612471426     
         116         119   1.0052189669053311     
         119         120  0.95401769485714316     
         119         121  0.97253165015801279     
         119         122  0.92762938150533769     
         122         123   1.4835044996515527     
         122         124   1.4818054344415079     
         123         124  0.20547744414487393     
         114         125  0.92627591710446344     
         125         126   1.6069768922178678     
         125         127   1.3173308438115887     
         126         127  0.19430606953401372     
         127         128  0.91771907898255944     
         127         129  0.98239652181333614     
         129         130  0.93133407406089253     
         129         131  0.93633644810858818     
         131         132  0.96169729969311524     
         131         133   1.0041695153825725     
         133         134  0.98111085551490163     
         133         135  0.98484923668121072     
         133         136  0.98698040855760105     
         131         137   1.0077133091697121     
         137         138  0.98191733052082042     
         137         139  0.98451516579249765     
         137         140  0.98545638453043105     
         129         141  0.99712809742152564     
         141         142   1.8844116292202457     
         143         144  0.94674836409692409     
         143         145   1.0290865569204548     
         145         146  0.92793671362146557     
         145         147  0.94505420997363232     
         147         148  0.95878507587007866     
         147         149  0.96708258369105016     
         147         150   1.0077136504890658     
         150         151   1.4070094854530519     
         151         152  0.96796748195740800     
         151         153   1.4514165287958720     
         153         154  0.96670831045185279     
         153         155   1.3651377173056087     
         155         156   1.0707835633332246     
         156         157  0.85346234201587756     
         151         158  0.10736455743380012     
         155         158   1.3576543704348121     
         158         159  0.96743043621249358     
         150         160   1.3983844681174296     
         153         160  0.10231517233002510     
         158         160   1.4583893952409761     
         160         161  0.96223790952278854     
         145         162  0.97623548457981846     
         162         163   1.8800810964554777     
         164         165  0.92292510552635942     
         164         166   1.0198036425455212     
         166         167  0.95985665602560810     
         166         168  0.92832651905189856     
         168         169  0.96112102221228091     
         168         170  0.96032912941599491     
         168         171   1.0134034698118417     
         171         172   1.2601435074441940     
         172         173   1.5297681121747191     
         173         174  0.96452473492838675     
         172         175  0.10696395170695532     
         173         175   1.2965654854312116     
         175         176  0.92832702400061073     
         171         177   1.5601714788680734     
         173         177  0.11106113316588598     
         175         177   1.1997127498071019     
         177         178  0.96371527151961756     
         166         179  0.98052108075302191     
         179         180   1.8835118284842371     
         181         182  0.92159583814959511     
         181         183   1.0303428711124614     
         183         184  0.94560769651595500     
         183         185  0.93268297996181826     
         185         186  0.96677840016886696     
         185         187   1.0058487783988359     
         187         188  0.98307358464554884     
         187         189  0.98165646162251641     
         187         190  0.97853959269086321     
         185         191  0.99016671501996256     
         191         192  0.97279543986361161     
         191         193  0.97339934806163753     
         191         194   1.0172107826574672     
         194         195  0.98152337935767153     
         194         196  0.97944000539059539     
         194         197  0.98738637464531986     
         183         198  0.94206942591201037     
         198         199   1.6110904209976178     
         198         200   1.3177610919162011     
         199         200  0.19525503975108083     
         200         201  0.88333136263867085     
         200         202  0.97848610851961482     
         202         203  0.94740070710820978     
         202         204  0.94396536454121915     
         204         205  0.94682052714205267     
         204         206   1.0040683538440076     
         206         207  0.98021225103606902     
         206         208  0.98398045731113248     
         206         209  0.98049992301661926     
         204         210  0.99816953867858094     
         210         211  0.96735872636972065     
         210         212  0.97471852912685697     
         210         213   1.0133778659235819     
         213         214  0.98277828846802140     
         213         215  0.98333839515133659     
         213         216  0.98658467481618006     
         202         217  0.97747862809120500     
         217         218   1.8897954881403529     
          60         219  0.94121066540076315     
          90         220  0.94174096164237586     
          92         221  0.94402602451560669     
         110         222  0.93520776994345634     
         112         223  0.94358314635005736     
         141         224  0.93370630992437231     
         143         225  0.94864483094977914     
         162         226  0.93377049244120680     
         164         227  0.95371231100744513     
         179         228  0.93691212700159610     
         181         229  0.94306967899075600     
         217         230  0.93729621352268810     
