           1           2   1.1354596159093102     
           2           3   1.2984291274799986     
           3           5   1.0867208764977003     
           5           6  0.98787704725732983     
           6           7   1.3932323267151339     
           7           8   1.4458417288672432     
           6           9  0.10360604129771515     
           8           9   1.4261495424827939     
           7          10  0.10887924738411747     
           9          10   1.4369899639589216     
           6          11   1.4083806506859857     
           8          11  0.10782403278974884     
          10          11   1.4350751333310900     
           4          12  0.93223197057509810     
          12          13  0.19123860852105345     
           3          14   1.0113683672380140     
          12          14   1.1407063185878179     
          13          14   1.6921287739910176     
           4          15   1.0123163136583064     
           1          17   1.7358474026729556     
           2          17  0.11154669632018828     
          16          18  0.99270442794485703     
          18          19  0.99769953048337179     
          19          20  0.99933408010200409     
           1          21  0.94940356026754913     
          20          21  0.96442294086480440     
          16          22  0.98542966718272462     
          21          22  0.99414741454418509     
          22          23  0.88509095734952681     
          23          24  0.73009955278828320     
          24          25   1.4074324725132212     
          25          26   1.4409802955294631     
          26          27   1.4002348734746395     
          27          28   1.3907951417557585     
          24          29   1.3899502133355386     
          26          29  0.10546047517166374     
          28          29   1.4566770234515531     
          23          30   1.5581396513410644     
          23          31   1.5417483088828425     
          30          31  0.10373130522706976     
          27          32   1.0359559392685080     
           2          33  0.86246551473261990     
           4          34  0.96275760321272585     
           4          35  0.96122311501058610     
           5          36  0.91961322562219949     
           5          37  0.83656456098160770     
           7          38  0.96542435425216588     
           8          39  0.96321134426042831     
           9          40  0.96913859518328715     
          10          41  0.96830925220732256     
          11          42  0.96532509754607054     
          15          43  0.98012188838495640     
          15          44  0.98247588238199657     
          15          45  0.98401158228418728     
          16          46  0.93342226941027273     
          16          47  0.94494216048208801     
          18          48  0.95957769969904105     
          18          49  0.95778432317960394     
          20          50  0.96285813625294880     
          20          51  0.96432550587158683     
          21          52  0.91758623671191331     
          25          53  0.96306986371555225     
          26          54  0.96261186030498846     
          28          55  0.96071913726267189     
          29          56  0.96374973690817334     
          32          57  0.97833068029208436     
          32          58  0.95463861029895813     
          32          59  0.96981433824020136     
