   -0.36287276
    0.16053629
    0.04435689
    0.07541911
   -0.07683122
    0.07233124
    0.05234924
   -0.00706431
   -0.04903166
    0.03621440
   -0.07014176
    0.02268296
    0.13738747
   -0.44251866
    0.33570371
   -0.06764753
    0.04777298
   -0.04634012
    0.05891620
    0.20769319
   -0.38673993
   -0.37285681
    0.15888219
    0.04109139
    0.06483695
   -0.07270022
    0.05600075
    0.03965772
    0.00923074
   -0.04030803
    0.03846470
   -0.03753785
    0.04581726
   -0.03929079
    0.04025237
   -0.03589777
    0.03048511
   -0.04128555
    0.01664327
    0.26839700
   -0.53526770
   -0.15103957
    0.20658433
    0.03569669
    0.09215055
   -0.08022485
    0.04146360
    0.06776679
    0.35663090
   -0.60380617
   -0.60012754
    0.20485192
   -0.35917523
   -0.37897921
    0.16423396
    0.03836679
    0.09348704
   -0.07148119
    0.05491083
    0.06129600
   -0.07999900
    0.06232940
    0.05897075
   -0.02260630
    0.07765690
    0.08270627
   -0.15339313
    0.23118059
    0.23973593
   -0.26970157
    0.24329653
    0.25312674
   -0.27688645
    0.23803286
    0.23492943
    0.20015176
   -0.40058539
   -0.37819813
    0.17131395
    0.02800612
    0.06763661
   -0.06055899
    0.04872093
    0.04622725
   -0.10168175
    0.08490328
    0.07357773
    0.28688536
   -0.54319140
   -0.30097835
    0.23845433
    0.25656988
    0.26867510
   -0.51340289
   -0.17649741
    0.21522563
    0.02437483
    0.09362040
   -0.05681302
    0.06273553
    0.04955049
   -0.08764997
    0.02169132
    0.03348205
    0.36251389
   -0.66187745
   -0.66869441
    0.27679589
   -0.51883188
   -0.15805162
    0.19190628
    0.01700901
    0.08362286
   -0.01349992
    0.05667439
   -0.11506247
    0.06327529
    0.04167371
    0.03483384
   -0.11380107
    0.03703843
    0.04052945
    0.05542523
    0.27430669
   -0.50978922
   -0.15402725
    0.21736286
    0.03444440
    0.08946855
   -0.01676748
    0.06838542
   -0.12193421
    0.04418210
    0.03723274
    0.07077890
   -0.06433939
    0.03400496
    0.03475179
   -0.11760339
    0.04881703
    0.05003875
    0.05318490
    0.21050242
   -0.39023157
   -0.37597977
    0.16393964
    0.04375250
    0.08018003
   -0.06866004
    0.07126119
    0.05508905
    0.01054992
   -0.04194199
    0.04370045
   -0.06988945
    0.04929975
    0.13482693
   -0.47616238
    0.35920162
   -0.05828689
    0.04122112
   -0.04369639
    0.05437547
    0.19411677
   -0.39908767
   -0.36325112
    0.17494529
    0.04782087
    0.04278856
   -0.06930153
    0.05003964
    0.07400590
    0.04659735
   -0.32785107
    0.07748569
    0.05308709
   -0.10889201
    0.23067442
   -0.02404444
    0.02877932
    0.20346548
   -0.36386984
   -0.37364885
    0.15602855
    0.03092085
    0.05429085
   -0.01954459
    0.04876148
   -0.10669996
    0.03991482
    0.03924501
    0.03879246
   -0.05562150
    0.02812603
    0.03724099
   -0.11038209
    0.04235030
    0.02642326
    0.04587651
    0.26373414
   -0.53095463
   -0.16564230
    0.21834824
    0.03617413
    0.06835675
   -0.02082694
    0.07348692
   -0.11447316
    0.04870700
    0.06638550
    0.03052305
   -0.05119012
    0.03028158
    0.03636443
   -0.10790461
    0.04721723
    0.02732024
    0.03299057
    0.20307423
   -0.36481796
    0.18153094
    0.05639134
    0.18633626
    0.06654338
    0.17346029
    0.06277703
    0.16135355
    0.07458862
    0.17287265
    0.07026336
    0.17310878
    0.06025112
    0.17439195
    0.07134409
