           1           2  0.95668619862725035     
           1           3   1.0333834116213618     
           3           4  0.93562616580213520     
           3           5  0.93739095712471365     
           5           6  0.96275968987458405     
           5           7  0.96930058626048576     
           5           8   1.0074357548949051     
           8           9   1.4061085354322280     
           9          10  0.96710337367259935     
           9          11   1.4500296002014035     
          11          12  0.96615578668162061     
          11          13   1.3638064804054590     
          13          14   1.0796928446841347     
          14          15  0.82556996090854062     
           9          16  0.10710601865296097     
          13          16   1.3608138755731527     
          16          17  0.96926931049230380     
           8          18   1.4067555223979267     
          11          18  0.10577148353596347     
          16          18   1.4524018729988752     
          18          19  0.96643987513071505     
           3          20  0.98825408029017714     
          20          21   1.8798974856365058     
          22          23  0.95852167674279898     
          22          24   1.0292786116634021     
          24          25  0.96042113913364779     
          24          26  0.95433450573715928     
          26          27  0.96116487095682102     
          26          28  0.95829970505055539     
          26          29   1.0116965072196946     
          29          30   1.4079866488867396     
          30          31  0.96889459074217710     
          30          32   1.4436349502390140     
          32          33  0.96920287432883223     
          29          34  0.10846722364373339     
          32          34   1.4354548211554139     
          34          35  0.97106313291989577     
          30          36  0.11096622733935206     
          34          36   1.4374924777285023     
          36          37  0.97224134405418416     
          29          38   1.4089918806913637     
          32          38  0.11097283070662893     
          36          38   1.4404937656846843     
          38          39  0.96733186007897598     
          24          40  0.93697435989540201     
          40          41   1.6075393139068059     
          40          42   1.3086211545293116     
          41          42  0.18835263166893362     
          42          43  0.92086866090535469     
          42          44  0.98032498907786902     
          44          45  0.94486965574100956     
          44          46  0.94564463119469078     
          46          47  0.97396443314359527     
          46          48  0.94958324173835251     
          46          49  0.94457708436624366     
          49          50   1.4712908877698945     
          49          51   1.4858342388387908     
          50          51  0.20907960728898209     
          44          52  0.98735146778571825     
          52          53   1.8878181553129774     
          54          55  0.95810355154073190     
          54          56   1.0259048851946213     
          56          57  0.92066362983341210     
          56          58  0.97038266410977336     
          58          59  0.96777477399529843     
          58          60  0.96855558394284991     
          58          61   1.0060808972161326     
          61          62  0.97378080877876472     
          61          63  0.97141167552565544     
          61          64  0.99612402122460419     
          64          65  0.96419337066881938     
          64          66  0.96647950516186465     
          64          67  0.98510151004830737     
          67          68  0.91487326146456283     
          67          69   1.2865879331056651     
          69          70   1.3416864963270743     
          70          71  0.91362399730351340     
          70          72  0.85297804218190665     
          69          73   1.3133955847076788     
          70          73  0.10782313678079473     
          73          74  0.92163873594117984     
          73          75  0.88326848431524385     
          56          76  0.98371042421748101     
          76          77   1.8762963825162480     
          78          79  0.96012742594424871     
          78          80   1.0138744022271187     
          80          81  0.93864797714301074     
          80          82  0.98539120046731143     
          82          83  0.96968000512001185     
          82          84  0.97347071605923530     
          82          85  0.99175408524415765     
          85          86  0.95358554672952400     
          85          87  0.96874363710032396     
          85          88  0.97622350425415749     
          88          89   1.6157223064465200     
          88          90   1.3215970010943867     
          89          90  0.19422696741543280     
          90          91  0.92244684500852392     
          90          92  0.91066680192169991     
          80          93  0.94279465824288100     
          93          94   1.6298632752628832     
          93          95   1.2816108098386296     
          94          95  0.19168114492461769     
          95          96  0.90878016088309188     
          95          97  0.98942557830849531     
          97          98  0.93146740496851033     
          97          99  0.97618837060759933     
          99         100  0.97020882632341876     
          99         101  0.97596840628069514     
          99         102   1.0097070320887176     
         102         103  0.96769560385860709     
         102         104  0.96175201740985639     
         102         105  0.94195241882768910     
         105         106   1.4882195405636454     
         105         107   1.4794363627298932     
         106         107  0.21184944986902451     
          97         108  0.94858053270416165     
         108         109   1.6077990830698901     
         108         110   1.3102532568848391     
         109         110  0.19406967026276004     
         110         111  0.92028456932521985     
         110         112  0.97901598602508133     
         112         113  0.94672160194048249     
         112         114  0.95201607767731511     
         114         115  0.96061679204240580     
         114         116   1.0061048775213388     
         116         117  0.98189920885528237     
         116         118  0.98285614472144067     
         116         119  0.98666636332181945     
         114         120   1.0107523051996175     
         120         121  0.98390550122606202     
         120         122  0.98196882147709563     
         120         123  0.98031885799317542     
         112         124  0.94372909999480470     
         124         125   1.6225577245671881     
         124         126   1.3078725063948500     
         125         126  0.19792035958367798     
         126         127  0.91378521965059289     
         126         128  0.97481241866245516     
         128         129  0.93714829853235559     
         128         130  0.94817220967004068     
         130         131  0.96027364453666775     
         130         132   1.0070846301783383     
         132         133  0.98192137477820429     
         132         134  0.97904068224380136     
         132         135  0.97488136822968685     
         130         136  0.99148037348289464     
         136         137  0.97589432502169382     
         136         138  0.97522925925646597     
         136         139   1.0156266578624407     
         139         140  0.98508918244798371     
         139         141  0.98429838299126160     
         139         142  0.98655607119679067     
         128         143  0.98783097524603203     
         143         144   1.8743962678071640     
         145         146  0.95690007277121081     
         145         147   1.0327676010514677     
         147         148  0.93061149506871010     
         147         149  0.95985768530929494     
         149         150  0.95284581726962547     
         149         151  0.96810448023646600     
         149         152   1.0093055505839774     
         152         153   1.3913115087277588     
         153         154  0.96678470836820107     
         153         155   1.4681249802224261     
         155         156  0.96698809650309969     
         152         157  0.10033988980441007     
         155         157   1.3650231040980514     
         157         158   1.0370220975543269     
         158         159  0.84362756049450627     
         153         160  0.10572199133071759     
         157         160   1.3934311584771626     
         160         161  0.96313024086227228     
         152         162   1.4215860997874097     
         155         162  0.10806857180702442     
         160         162   1.4328871972698263     
         162         163  0.96127093022845433     
         147         164  0.97753216417445998     
         164         165   1.8781598591311142     
         166         167  0.93708747155559513     
         166         168   1.0227374408253900     
         168         169  0.95476588989915878     
         168         170  0.93543254950170662     
         170         171  0.96572543401564270     
         170         172  0.96410394000032540     
         170         173   1.0119832636454338     
         173         174   1.2610591156156656     
         174         175   1.5280264261840726     
         175         176  0.96431774341113008     
         174         177  0.10498424529556369     
         175         177   1.2961979222770337     
         177         178  0.91837528695001502     
         173         179   1.5756693679262603     
         175         179  0.11597415018988307     
         177         179   1.1936558712149443     
         179         180  0.96593028559630034     
         168         181  0.98848535566631335     
         181         182   1.8924132212744071     
         183         184  0.95186310241790784     
         183         185   1.0222672369814039     
         185         186  0.94667338522374478     
         185         187  0.96648340230869079     
         187         188  0.96340088364817900     
         187         189   1.0071521667100893     
         189         190  0.98489518979539525     
         189         191  0.97312552499309113     
         189         192  0.98219150456569926     
         187         193  0.99446230300420901     
         193         194  0.97272052228219863     
         193         195  0.97641103559356246     
         193         196   1.0198238549721663     
         196         197  0.98481973460677674     
         196         198  0.98478918508742708     
         196         199  0.98167919256223635     
         185         200  0.93586550998607054     
         200         201   1.6078176617051323     
         200         202   1.3002014376007325     
         201         202  0.18958313791341391     
         202         203  0.90715815259563493     
         202         204  0.97373788286396534     
         204         205  0.95783502786077246     
         204         206  0.94213883556644240     
         206         207  0.95110779795706668     
         206         208   1.0073417716645792     
         208         209  0.98326610484369081     
         208         210  0.97574001889562711     
         208         211  0.98175246110545600     
         206         212  0.99798802862596125     
         212         213  0.96913014528332264     
         212         214  0.97453919117091514     
         212         215   1.0111286649432585     
         215         216  0.97765546130205605     
         215         217  0.98221241995903419     
         215         218  0.98679720379340385     
         204         219  0.97471467343396412     
         219         220   1.8861906914877737     
           1         221  0.95227702648408641     
          20         222  0.93837360356420330     
          22         223  0.95166004267870619     
          52         224  0.93621348645024671     
          54         225  0.95574767444233055     
          76         226  0.93640137862494588     
          78         227  0.95763841990194010     
         143         228  0.93963907023974769     
         145         229  0.95432791598089683     
         164         230  0.93595681684719967     
         166         231  0.95434671187357767     
         181         232  0.93978668026177059     
         183         233  0.95278061818851434     
         219         234  0.93789205734544145     
