    0.26052188
   -0.11718148
    0.02403569
    0.06370686
   -0.07849748
    0.02180345
   -0.04412372
   -0.03066719
   -0.03956899
   -0.03934394
   -0.04368213
   -0.27158566
   -0.48220021
    0.33088521
   -0.12414953
    0.01113313
   -0.47180399
   -0.03317716
   -0.13546570
   -0.04208984
    0.03042192
   -0.31052090
    1.16408448
   -0.09284003
   -0.03577982
   -0.03665261
    0.03215810
   -0.02972372
   -0.02591287
   -0.64892517
   -0.64882671
   -0.12494651
    0.24743625
    0.09228965
    0.05308045
    0.11567006
    0.09391626
    0.05068167
    0.03730508
    0.03154882
    0.03514411
    0.03064210
    0.04713132
    0.05772280
    0.06980649
    0.05397248
    0.05806391
    0.06829107
    0.09885483
    0.07277570
    0.08327719
    0.06614614
    0.07043079
    0.08004930
    0.06739711
    0.06173018
    0.07643159
    0.07284999
    0.06308203
   -0.32274131
    0.20299639
    0.03756559
    0.07514615
   -0.07709268
    0.08406608
    0.05996491
    0.00157537
   -0.04553080
    0.02633406
   -0.07136015
    0.02846055
    0.14458573
   -0.42422222
    0.34060007
   -0.06119716
    0.06407964
   -0.03844231
    0.06654054
    0.20253198
   -0.37346986
   -0.35456385
    0.17340132
    0.03037552
    0.06344424
   -0.07610819
    0.05840907
    0.05929709
    0.01056531
   -0.04055471
    0.04191766
   -0.03698575
    0.04009410
   -0.03788924
    0.03785676
   -0.03727756
    0.04246618
   -0.04378179
    0.02158560
    0.26938557
   -0.51331441
   -0.16357948
    0.21502558
    0.04210395
    0.08880753
   -0.08290372
    0.05063575
    0.06695687
    0.35695067
   -0.61101219
   -0.61253532
    0.20687568
   -0.36122208
   -0.31356842
    0.17816184
    0.02592414
    0.10027143
    0.06968581
    0.07827055
    0.06072788
   -0.47476501
    0.33502986
    0.20031948
   -0.36193920
   -0.33453449
    0.15944388
    0.03281993
    0.09370705
   -0.07200856
    0.07362295
    0.06470490
   -0.08184338
    0.06279035
    0.06649763
   -0.01922843
    0.06729762
    0.09355515
   -0.12863212
    0.22443398
    0.23164352
   -0.25755521
    0.22927154
    0.24422032
   -0.25987830
    0.22733034
    0.23770100
    0.20287166
   -0.36725270
   -0.31648540
    0.19045789
    0.02848315
    0.05365638
   -0.07106483
    0.04285751
    0.06343445
   -0.07550410
    0.06009404
    0.04287845
   -0.08897067
    0.06018640
    0.07876652
   -0.04022806
    0.11592773
    0.11049368
   -0.15953414
    0.30817160
    0.31155978
    0.31182767
    0.25773689
   -0.52668848
   -0.07408014
   -0.01983064
    0.08219982
    0.07373980
   -0.07482754
    0.05678774
    0.06062415
   -0.07367068
    0.05948637
    0.07942633
    0.02235824
    0.06343834
    0.27529690
   -0.49677971
   -0.16977458
    0.21302935
    0.03342150
    0.09957453
   -0.07162189
    0.07416954
    0.08003942
    0.01087646
   -0.04656573
    0.03297927
   -0.04036791
    0.02902843
   -0.03874620
    0.03012364
   -0.03298736
    0.04803382
   -0.03717473
    0.06071708
    0.20706331
   -0.37199945
   -0.33079561
    0.19621345
    0.04178817
    0.06708769
   -0.07455732
    0.06846759
    0.09247777
    0.04465110
   -0.32184772
    0.07430345
    0.05246589
   -0.08785724
    0.21391921
   -0.02807779
    0.04742110
    0.20701897
   -0.37245906
   -0.34544092
    0.18653456
    0.02259020
    0.05668983
   -0.02455486
    0.05175628
   -0.11838361
    0.04657080
    0.05526513
    0.04872153
   -0.05725632
    0.03078763
    0.02837625
   -0.10790784
    0.04204965
    0.03020766
    0.04482144
    0.27084395
   -0.52633257
   -0.14987129
    0.22447551
    0.03013665
    0.08610571
   -0.02132663
    0.07133760
   -0.12948202
    0.06360096
    0.04375963
    0.04783462
   -0.06369732
    0.02762349
    0.03863105
   -0.11513283
    0.05183967
    0.04701113
    0.03171272
    0.20961942
   -0.35700166
    0.20763567
    0.05011059
    0.20164232
    0.07531285
    0.16600178
    0.05867631
    0.19284406
    0.06065461
    0.20796001
    0.07417072
    0.20408449
    0.06626400
    0.20666851
    0.06246876
