           1           2   1.1983947805289463     
           2           3   1.1860245485874084     
           3           5   1.0384350026057216     
           5           6  0.97283934489331492     
           6           7   1.4055711424119439     
           7           8   1.4473995477498287     
           6           9  0.10973002314491527     
           8           9   1.4323050241586481     
           7          10  0.11223983645047532     
           9          10   1.4380087065902281     
           6          11   1.4151993350388075     
           8          11  0.10934419209453701     
          10          11   1.4411940346660501     
           4          12  0.94046071936669906     
          12          13  0.15204403469790631     
           3          14   1.0946370008783972     
          12          14   1.0930884942029153     
          13          14   1.6090960419449867     
           4          15   1.0001805154012824     
           1          17   1.6571058975420563     
           2          17  0.13760665431240426     
          16          18   1.0040612680623207     
          18          19  0.99181825101637355     
          19          20  0.99197282099618267     
           1          21  0.93713856071062818     
          20          21  0.99310517448757829     
          16          22  0.97586773302238095     
          21          22  0.97761730736606811     
          22          23  0.88503114689391182     
          23          24  0.73078741062290065     
          24          25   1.4034057770868142     
          25          26   1.4449489925393204     
          24          27  0.10043763388190145     
          26          27   1.4014391471571905     
          25          28  0.11037584249589494     
          27          28   1.3988477642044486     
          24          29   1.4100650948905051     
          26          29  0.10029829029402003     
          28          29   1.4457971447822149     
          23          30   1.5467392252566288     
          23          31   1.5498580469144461     
          30          31  0.10224625024536779     
          27          32   1.0279072713092126     
           2          33  0.86869898307168980     
           4          34  0.96385536058090571     
           4          35  0.96932171841476544     
           5          36  0.93891447025486707     
           5          37  0.93764805684858388     
           7          38  0.96662988939856009     
           8          39  0.96985020436037761     
           9          40  0.97132653337491304     
          10          41  0.97158096189799636     
          11          42  0.96751369261074549     
          15          43  0.98293016931045041     
          15          44  0.98096952787873593     
          15          45  0.98066394647534394     
          16          46  0.96457912996096529     
          16          47  0.96149578263927193     
          18          48  0.97166955189504056     
          18          49  0.96297987403638763     
          20          50  0.97002917270822697     
          20          51  0.96768842727096338     
          21          52  0.93814747836029555     
          25          53  0.96437983514527126     
          26          54  0.96092605527275132     
          28          55  0.96185757871248501     
          29          56  0.96116502250247760     
          32          57  0.95421931150472072     
          32          58  0.98068337467230093     
          32          59  0.96720342321914088     
          60          61  0.93017324444450877     
          60          62   1.0405921244032921     
          62          63  0.94603333354280494     
          62          64  0.90472608075545979     
          64          65  0.95725222893382766     
          64          66  0.96757202594255165     
          64          67   1.0211573397376519     
          67          68   1.3917651984224071     
          68          69  0.96971392812377566     
          68          70   1.4585801595101486     
          70          71  0.96901503340329653     
          70          72   1.3570383154152641     
          72          73   1.0861829718682758     
          73          74  0.84289661071277111     
          68          75  0.10585439085658113     
          72          75   1.3566690461998994     
          75          76  0.96545028258770871     
          67          77   1.4031389733239210     
          70          77  0.10214401831225225     
          75          77   1.4545993766653553     
          77          78  0.96558047617251386     
          62          79  0.99388643756507422     
          79          80   1.8725914340724370     
          81          82  0.94467763784229475     
          81          83   1.0316965738838566     
          83          84  0.95243198040341837     
          83          85  0.94468068185766252     
          85          86  0.96907625637254768     
          85          87  0.95589571604745338     
          85          88   1.0147984312755596     
          88          89   1.4080261268770617     
          89          90  0.96827529287976510     
          89          91   1.4458116344081511     
          91          92  0.97126129133496419     
          88          93  0.10498968374781636     
          91          93   1.4311206576563096     
          93          94  0.97128433224088562     
          89          95  0.11177059177390163     
          93          95   1.4445617153202368     
          95          96  0.97082874225708160     
          88          97   1.4138485431381242     
          91          97  0.11364533878016093     
          95          97   1.4326587698022757     
          97          98  0.96393497627984237     
          83          99  0.93807471501613149     
          99         100   1.6198213545426252     
          99         101   1.3014926558508071     
         100         101  0.19128702555898972     
         101         102  0.90684006742499612     
         101         103  0.98572883620060359     
         103         104  0.94060585817675257     
         103         105  0.94211940331462329     
         105         106  0.97388477708681309     
         105         107  0.94688143363442467     
         105         108  0.94554499415857729     
         108         109   1.4840175800787518     
         108         110   1.4715497120500409     
         109         110  0.20968120348532426     
         103         111  0.99503670212856532     
         111         112   1.8971657341945438     
         113         114  0.94625823164499778     
         113         115   1.0318779378161713     
         115         116  0.92628333992304468     
         115         117  0.94731766914429438     
         117         118  0.96130201578319663     
         117         119  0.97101532120703504     
         117         120  0.99787431649994129     
         120         121  0.87657560922491351     
         115         122  0.97660685940186687     
         122         123   1.8883704233625367     
         124         125  0.95823233668430530     
         124         126   1.0297722117965793     
         126         127  0.92750089384001666     
         126         128  0.95622838267055899     
         128         129  0.96790485775588131     
         128         130  0.97088754071203454     
         128         131   1.0044040317730791     
         131         132  0.96871122511457963     
         131         133  0.97153262672181717     
         131         134  0.99640137119427719     
         134         135  0.96190702859947186     
         134         136  0.96036195056910789     
         134         137  0.98313491289356902     
         137         138  0.91499247518419347     
         137         139   1.2964088813340480     
         137         140  0.10396478573830872     
         139         140   1.3428783074004149     
         140         141  0.92495438716081768     
         140         142  0.86888578679377260     
         139         143   1.3023238159312513     
         140         143  0.10528071362476268     
         143         144  0.92489220804127592     
         143         145  0.88589643556330100     
         126         146  0.97386484222767222     
         146         147   1.8875693341896476     
         148         149  0.94088146828195918     
         148         150   1.0300436838063889     
         150         151  0.95042112606710016     
         150         152  0.94667237556991823     
         152         153  0.96632777489337840     
         152         154  0.96869211268317079     
         152         155   1.0023371695826786     
         155         156  0.97130578728159156     
         155         157  0.97249355398715809     
         155         158   1.0077830333026108     
         158         159  0.97486621656294181     
         158         160  0.96806125094610518     
         158         161   1.0032749967740364     
         161         162  0.96205649611382027     
         161         163  0.96803951400269772     
         161         164  0.97097096933797500     
         164         165  0.88605028799488916     
         164         166  0.88623999342838289     
         164         167  0.88384695932540780     
         150         168  0.94602272024762679     
         168         169   1.5862324710636106     
         168         170   1.3074488284195875     
         169         170  0.18508140082020266     
         170         171  0.97464979456989342     
         171         172  0.96600223128214835     
         171         173  0.96419306378393022     
         171         174   1.0024971155239719     
         174         175  0.97968646871868237     
         174         176  0.97593878157327052     
         174         177   1.0027902976662373     
         177         178  0.97530656685188011     
         177         179  0.97126793547271117     
         170         180  0.96974908536221960     
         177         180  0.97694207715306214     
         180         181  0.95198107322044856     
         180         182  0.94105476032671709     
         182         183   1.6302503702234239     
         182         184   1.2975175478453098     
         183         184  0.19475516931494627     
         184         185  0.91983593399591035     
         184         186  0.97555908406406955     
         186         187  0.93602222534097868     
         186         188  0.94405856292034362     
         188         189  0.96332027383434438     
         188         190  0.96682681108616797     
         188         191   1.0059123445457652     
         191         192   1.4156106445665815     
         192         193  0.96959505676672419     
         192         194   1.4408892180919421     
         194         195  0.97221871823328931     
         191         196  0.10873324952149591     
         194         196   1.4371870326918765     
         196         197  0.97253816409230609     
         192         198  0.11177752598538933     
         196         198   1.4391740280542795     
         198         199  0.96863302366724435     
         191         200   1.4125015042347540     
         194         200  0.11238809271091833     
         198         200   1.4418460743961761     
         200         201  0.96692667139134858     
         186         202  0.99255498664790665     
         202         203   1.8914035875048238     
         204         205  0.92604114918530245     
         204         206   1.0149398324941405     
         206         207  0.96321203024302293     
         206         208  0.92876516791310848     
         208         209  0.95202825850921369     
         208         210  0.96089347880733444     
         208         211   1.0101750360230159     
         211         212   1.2692685721075962     
         212         213   1.5237794465320782     
         213         214  0.96335394540579100     
         212         215  0.10337642173638106     
         213         215   1.2944700930185118     
         215         216  0.92568472638399890     
         211         217   1.5592918751224532     
         213         217  0.11568650419213662     
         215         217   1.2062495737985681     
         217         218  0.96207263763927331     
         206         219  0.98677897865483588     
         219         220   1.8741534730018938     
         221         222  0.94143231684918049     
         221         223   1.0264459578306298     
         223         224  0.95773588687552080     
         223         225  0.94246804381064997     
         225         226  0.96330207745646423     
         225         227   1.0064591710466264     
         227         228  0.96861947712310581     
         227         229  0.97864311177147090     
         227         230  0.98130347196548340     
         225         231  0.99697837836958092     
         231         232  0.97705351377565153     
         231         233  0.97332159052837519     
         231         234   1.0119168825823821     
         234         235  0.98403171669787670     
         234         236  0.98701630177045452     
         234         237  0.98469164371496642     
         223         238  0.94373898845706894     
         238         239   1.6089014667992283     
         238         240   1.3037488309572023     
         239         240  0.19064192158076296     
         240         241  0.90127206263484660     
         240         242  0.97480637781985680     
         242         243  0.95863832366286039     
         242         244  0.95652517089150146     
         244         245  0.95286746507616749     
         244         246   1.0043538606034548     
         246         247  0.97888678585113997     
         246         248  0.98137547614545495     
         246         249  0.98600216497188620     
         244         250  0.99213387846954959     
         250         251  0.97315900547784695     
         250         252  0.97404925477545667     
         250         253   1.0164109609949132     
         253         254  0.97632543171705821     
         253         255  0.98653382913209497     
         253         256  0.98539947085506574     
         242         257  0.96232722537978599     
         257         258   1.9008981034504377     
          60         259  0.94275936673537597     
          79         260  0.93794496371791125     
          81         261  0.94361680571462636     
         111         262  0.93540091009101811     
         113         263  0.95767823359531379     
         122         264  0.93604497944196874     
         124         265  0.94740213571191723     
         146         266  0.93447944427098339     
         148         267  0.93920812569246270     
         202         268  0.93657906258036305     
         204         269  0.94280246557315373     
         219         270  0.93860348899508650     
         221         271  0.94250080606605036     
         257         272  0.93864684821046140     
