    0.27492064
   -0.07207650
    0.09294356
    0.06744057
   -0.08258382
    0.03564279
   -0.03588369
   -0.02866595
   -0.03148214
   -0.02909876
   -0.03285681
   -0.23914538
   -0.43755930
    0.34791858
   -0.13042112
   -0.00662189
   -0.40028988
   -0.05455380
    0.04101773
   -0.06638468
    0.01877210
   -0.26148569
    1.15469655
   -0.09261960
   -0.03065497
   -0.03448401
    0.03878795
   -0.03716999
   -0.03750705
   -0.64165316
   -0.64228808
   -0.13546206
    0.27712139
    0.08056680
    0.07563871
    0.15148211
    0.11900932
    0.05676028
    0.05458338
    0.05517764
    0.05854923
    0.07530350
    0.06975436
    0.06997908
    0.07956421
    0.06354617
    0.08316932
    0.11913879
    0.12215460
    0.12844953
    0.11649992
    0.11110415
    0.08302741
    0.08180897
    0.06572581
    0.05981870
    0.06465833
    0.08226187
    0.08395433
