           1           2   1.1276014397469858     
           2           3   1.3088329638995142     
           3           5   1.0826233025495029     
           5           6  0.93938260216940239     
           6           7   1.3837755864694838     
           7           8   1.4400590914094469     
           8           9   1.4302825677708417     
           7          10  0.10734930007748161     
           9          10   1.4261463596346553     
           6          11   1.4154156707942349     
           8          11  0.10584277923923924     
          10          11   1.4316701904867086     
           4          12  0.92267193884989074     
          12          13  0.18609804900702231     
           3          14   1.0233238438735055     
          12          14   1.1589065988110687     
          13          14   1.6511487881381608     
           4          15   1.0128391138253627     
           1          17   1.7389148211715488     
           2          17  0.10846300300191598     
          16          18  0.99891905004688208     
          18          19  0.99490217797791347     
          19          20   1.0011655234122505     
           1          21  0.92495561198689880     
          20          21  0.98270364305064883     
          16          22  0.97855558055070135     
          21          22  0.98754771412829767     
          22          23  0.87420409168271607     
          23          24  0.73902791836583936     
          24          25   1.3879473966648728     
          25          26   1.4596926033505342     
          26          27   1.3881928153518215     
          25          28  0.10643614235138039     
          27          28   1.4095655800538887     
          24          29   1.4216744870001283     
          26          29  0.10317284563819271     
          28          29   1.4311742655054809     
          23          30   1.5461676288963981     
          23          31   1.5566277187922171     
          30          31  0.10759423785068366     
          27          32   1.0312298363107306     
           2          33  0.86262700530150471     
           4          34  0.95797080668145540     
           4          35  0.96046800341421235     
           5          36  0.88710733906511718     
           5          37  0.94159533315601252     
           7          38  0.96611291933035615     
           8          39  0.96541398026333181     
           9          40  0.96659717675414014     
          10          41  0.96793140964711899     
          11          42  0.95998281430400823     
          15          43  0.98405886394910536     
          15          44  0.98053310389715498     
          15          45  0.97788097285488396     
          16          46  0.95911005264343629     
          16          47  0.95503127689434120     
          18          48  0.95182109179602392     
          18          49  0.95665801702118469     
          20          50  0.94592799902738078     
          20          51  0.95532512681146997     
          21          52  0.93062329573466329     
          25          53  0.96198406518359092     
          26          54  0.96259559243314730     
          28          55  0.96510386818304283     
          29          56  0.96517485031714367     
          32          57  0.98300933169828286     
          32          58  0.96454416073297788     
          32          59  0.96137698622397805     
