           1           2   1.1827187046967982     
           2           3   1.2024802698654729     
           3           5   1.0272529934607093     
           5           6  0.97469299070842186     
           6           7   1.4116743946912715     
           7           8   1.4408597399062280     
           6           9  0.10800912757135978     
           8           9   1.4313827746757710     
           7          10  0.11057820228293175     
           9          10   1.4455958987638746     
           6          11   1.4123945509631921     
           8          11  0.11448155735254431     
          10          11   1.4342865792292141     
           4          12  0.93181710908299820     
          12          13  0.14955960913730026     
           3          14   1.0958242123018407     
          12          14   1.1062293262067522     
          13          14   1.5923887235423708     
           4          15   1.0064967853176343     
           1          17   1.6457969672928334     
           2          17  0.13355307443759110     
          16          18  0.99834527489699376     
          18          19  0.99278947292689723     
          19          20  0.99062848673562853     
           1          21  0.94681031108066360     
          20          21  0.98740598096341348     
          16          22  0.97867523004689305     
          21          22  0.98295446447095236     
          22          23  0.89127494119425998     
          23          24  0.73026682528967790     
          24          25   1.3986886630948763     
          25          26   1.4449866088408474     
          26          27   1.4039172584057533     
          25          28  0.10995500146797982     
          27          28   1.3972138600780148     
          24          29   1.4141051879719719     
          26          29  0.10263546472809598     
          28          29   1.4400016796998323     
          23          30   1.5341928659437809     
          23          31   1.5396378287274608     
          27          32   1.0292929441433187     
           2          33  0.86692244888943493     
           4          34  0.96216819010589560     
           4          35  0.96947430542104729     
           5          36  0.95229364931656635     
           5          37  0.94595798171391632     
           7          38  0.96623014279665820     
           8          39  0.97000684968834783     
           9          40  0.96573092498001811     
          10          41  0.96563894370674885     
          11          42  0.96281758811895490     
          15          43  0.98734611676749728     
          15          44  0.98106394926046137     
          15          45  0.98562408603080431     
          16          46  0.97012821949441486     
          16          47  0.96391143456775430     
          18          48  0.96655157941756076     
          18          49  0.96631296458806748     
          20          50  0.96342698517868830     
          20          51  0.96006185977373504     
          21          52  0.92279512841673283     
          25          53  0.96480283991551363     
          26          54  0.95967636058694539     
          28          55  0.96072028604095661     
          29          56  0.96461353447829357     
          32          57  0.96748737592301959     
          32          58  0.95494714381887680     
          32          59  0.98126898902803117     
          60          61  0.95196570258533220     
          60          62   1.0354772520105251     
          62          63  0.93662617658744884     
          62          64  0.92390515526470218     
          64          65  0.96373726675033922     
          64          66  0.96539067994533845     
          64          67   1.0077324722404628     
          67          68   1.4037528143071336     
          68          69  0.96712973483313491     
          68          70   1.4499924701533722     
          70          71  0.97053798911207600     
          70          72   1.3689592111915472     
          72          73   1.0631768633881851     
          73          74  0.80999953607937236     
          68          75  0.10805645637438671     
          72          75   1.3656869185236578     
          75          76  0.96118937731063281     
          67          77   1.4051718936051454     
          70          77  0.10450142067750499     
          75          77   1.4496432266593868     
          77          78  0.96312656923359852     
          62          79  0.99184055877749933     
          79          80   1.8801434450373093     
          81          82  0.95232598377770750     
          81          83   1.0316728483396547     
          83          84  0.95459150417909111     
          83          85  0.95105818690781263     
          85          86  0.96496154226753550     
          85          87  0.96456323592981785     
          85          88   1.0087795436151339     
          88          89   1.4058257533678931     
          89          90  0.96826346711952604     
          89          91   1.4497324767433228     
          91          92  0.97035427078000458     
          88          93  0.10917036768586771     
          91          93   1.4258977909850326     
          93          94  0.96931818209253351     
          89          95  0.10888685552843115     
          93          95   1.4437881244310988     
          95          96  0.97201456278831411     
          88          97   1.4152166483832660     
          91          97  0.11192474623899772     
          95          97   1.4340128631405233     
          97          98  0.96596666424504796     
          83          99  0.93295248932255659     
          99         100   1.6095098220054351     
          99         101   1.3116498282705851     
         100         101  0.19125503589507373     
         101         102  0.91506383092220323     
         101         103  0.98263435247889330     
         103         104  0.94245994792055909     
         103         105  0.94154445572256240     
         105         106  0.97278494975827390     
         105         107  0.95263281681111844     
         105         108  0.93962627353685213     
         108         109   1.4563369539943485     
         108         110   1.4927847919078734     
         109         110  0.20946700573210797     
         103         111  0.99097760464157003     
         111         112   1.9022503847615588     
         113         114  0.94743238449639522     
         113         115   1.0313562859160494     
         115         116  0.90959059772906392     
         115         117  0.97024478928368352     
         117         118  0.96840265324424180     
         117         119  0.96954518191853190     
         117         120   1.0056156654674773     
         120         121  0.96906236848113814     
         120         122  0.97121882439664375     
         120         123  0.99768243619107877     
         123         124  0.96524557669052602     
         123         125  0.96269230480107670     
         123         126  0.98311360181627316     
         126         127  0.90960443869390795     
         126         128   1.3046334333410818     
         126         129  0.10056872116668983     
         128         129   1.3283370035083435     
         129         130  0.92023960223998014     
         129         131  0.85877325051800812     
         128         132   1.3085028032716495     
         129         132  0.10394151106349316     
         132         133  0.91998373565315106     
         132         134  0.88861319021733465     
         115         135  0.97780744047768009     
         135         136   1.8782485936801794     
         137         138  0.94498655000299914     
         137         139   1.0233876643021544     
         139         140  0.95324629230908808     
         139         141  0.96936535497059717     
         141         142  0.96223447857779987     
         141         143  0.95317998476061727     
         141         144   1.0099399345601765     
         144         145   1.4055065934644657     
         145         146  0.96676960293420777     
         145         147   1.4463338495966385     
         147         148  0.96980313787846617     
         144         149  0.11157135361455035     
         147         149   1.4348665794988720     
         149         150  0.96739257569126647     
         145         151  0.11128166167981458     
         149         151   1.4338036574615802     
         151         152  0.97281094928558032     
         144         153   1.4107971406600792     
         147         153  0.10880418740939565     
         151         153   1.4440331498482799     
         153         154  0.96628868481479824     
         139         155  0.92581151005940510     
         155         156   1.6169150961135910     
         155         157   1.3049537300386573     
         156         157  0.19280141251081820     
         157         158  0.91722458833584675     
         157         159  0.98444591389647473     
         159         160  0.94996590135355441     
         159         161  0.96158692428115677     
         161         162  0.97126657434452190     
         161         163  0.97460353872397332     
         161         164   1.0050177344268887     
         164         165  0.97182715465771263     
         164         166  0.97339821410664018     
         164         167   1.0064497809863906     
         167         168  0.96734544282900370     
         167         169  0.97253548568078552     
         167         170   1.0057533000606593     
         170         171  0.96909040703665272     
         170         172  0.96360565665686237     
         170         173  0.96483273684876203     
         173         174  0.88572837629836321     
         173         175  0.88865915024173903     
         173         176  0.88237795341982228     
         159         177  0.94153203872003177     
         177         178   1.6314064058680804     
         177         179   1.2995823582962911     
         178         179  0.19578509720399823     
         179         180  0.90787162574899249     
         179         181  0.99147117231915238     
         181         182  0.91914193354709672     
         181         183  0.93948539228677586     
         183         184  0.96372135099395884     
         183         185  0.96178196503268354     
         183         186   1.0049130292096347     
         186         187   1.4206013919956433     
         187         188  0.96941307910872243     
         187         189   1.4297157141039201     
         189         190  0.97043489781690573     
         186         191  0.10642596888330912     
         189         191   1.4482606443708033     
         191         192  0.96945099467489226     
         187         193  0.11479195194956832     
         191         193   1.4313456745506488     
         193         194  0.96863933745049857     
         186         195   1.4093205753143971     
         189         195  0.11109173614615174     
         193         195   1.4452718645732319     
         195         196  0.96919914734741353     
         181         197   1.0041428716434506     
         197         198   1.8744437448277600     
         199         200  0.95488111756481808     
         199         201   1.0240413170764717     
         201         202  0.94037546262910299     
         201         203  0.97784476510803242     
         203         204  0.97329500602316688     
         203         205  0.97384645843769824     
         203         206   1.0066322837831971     
         206         207  0.96402947455920951     
         206         208  0.95548521461850855     
         206         209  0.94501193591977550     
         209         210   1.4853379263037458     
         209         211   1.4734710581615471     
         210         211  0.20473632591332558     
         201         212  0.93868034192586580     
         212         213   1.6083551074306657     
         212         214   1.3012447706883616     
         213         214  0.18933703080349207     
         214         215  0.90286195016298365     
         214         216  0.99006531602027359     
         216         217  0.93324716852772172     
         216         218  0.93485237646356500     
         218         219  0.96676590489303504     
         218         220   1.0035278652701054     
         220         221  0.97532817294499285     
         220         222  0.97967224318920443     
         220         223  0.97892758714590911     
         218         224   1.0086462956746207     
         224         225  0.98226393560183234     
         224         226  0.98243922183281618     
         224         227  0.98094415954994663     
         216         228  0.99059582459156270     
         228         229   1.8908547857370082     
         230         231  0.95105385391886244     
         230         232   1.0314812915837703     
         232         233  0.92835648764466105     
         232         234  0.94516658415713195     
         234         235  0.95336250262594302     
         234         236  0.96909001913023451     
         234         237   1.0126878684655507     
         237         238   1.4051277611246586     
         238         239  0.96416935582931229     
         238         240   1.4491894653098720     
         240         241  0.96548376248053946     
         240         242   1.3652799764473285     
         242         243   1.0705517536491997     
         243         244  0.85478615995609863     
         238         245  0.10579888672273029     
         242         245   1.3570024778506462     
         245         246  0.96926505038377031     
         237         247   1.4025909684554227     
         240         247  0.10626880200760477     
         245         247   1.4570411062054942     
         247         248  0.96439216525318061     
         232         249  0.97492088786835029     
         249         250   1.8789523640235113     
         251         252  0.92147153210629440     
         251         253   1.0264928931260360     
         253         254  0.96047059097509058     
         253         255  0.93675133832592117     
         255         256  0.96175395390886109     
         255         257  0.96581500736346682     
         255         258   1.0085971280781085     
         258         259   1.2714846947078899     
         259         260   1.5138300416872867     
         260         261  0.96305767480736382     
         259         262  0.10781052652450311     
         260         262   1.3079646507992000     
         262         263  0.92227826675415292     
         258         264   1.5642240151350086     
         260         264  0.11852489547366320     
         262         264   1.1857301230884725     
         264         265  0.96336558398535055     
         253         266  0.97625356659068740     
         266         267   1.8931031276553496     
         268         269  0.94757083076150672     
         268         270   1.0245112188460341     
         270         271  0.95230396216360447     
         270         272  0.94662416860870191     
         272         273  0.96329996707463605     
         272         274   1.0078400720757517     
         274         275  0.98041151263828130     
         274         276  0.98033684219309492     
         274         277  0.97808392592697468     
         272         278  0.99254091947154532     
         278         279  0.97610028088884548     
         278         280  0.97675859974407886     
         278         281   1.0158233522335693     
         281         282  0.98371938501582556     
         281         283  0.98634771062238180     
         281         284  0.98457216420049609     
         270         285  0.94160221985342951     
         285         286   1.6230008224697003     
         285         287   1.3045981055559959     
         286         287  0.19333251931198481     
         287         288  0.90744306543269093     
         287         289  0.97339069739146622     
         289         290  0.95575956903795378     
         289         291  0.94606278095819341     
         291         292  0.95857123644360220     
         291         293   1.0021607971706692     
         293         294  0.98419826961824275     
         293         295  0.98141193485309008     
         293         296  0.97833260493810614     
         291         297  0.99976177266367883     
         297         298  0.96959607131370129     
         297         299  0.97371051415515120     
         297         300   1.0141826249112560     
         300         301  0.98280597838020156     
         300         302  0.98105333494440417     
         300         303  0.98331372641517101     
         289         304  0.97814397170858824     
         304         305   1.8957630504584682     
          60         306  0.93946264323084872     
          79         307  0.93553374801623035     
          81         308  0.94597075090627780     
         111         309  0.93448614816501197     
         113         310  0.94513673670454490     
         135         311  0.93482719720421970     
         137         312  0.94119186423576573     
         197         313  0.94253801550427563     
         199         314  0.94844615974667990     
         228         315  0.93453165172585373     
         230         316  0.94686142056604850     
         249         317  0.93428461840087262     
         251         318  0.95021635121749537     
         266         319  0.93886213005216157     
         268         320  0.94203016110229931     
         304         321  0.93687011883297333     
