    0.27360444
   -0.11465101
    0.02460780
    0.07920236
   -0.07113113
    0.02362298
   -0.04593409
   -0.03605759
   -0.03895701
   -0.03346173
   -0.03644744
   -0.28266179
   -0.49992283
    0.33298243
   -0.13198470
    0.01145976
   -0.44645234
   -0.02811468
   -0.18399836
   -0.04061639
    0.01794992
   -0.29164949
    1.15023739
   -0.09447128
   -0.03181736
   -0.03602928
    0.03908842
   -0.03384084
   -0.02904499
   -0.65598446
   -0.62916458
   -0.12512834
    0.24553751
    0.06107326
    0.05892999
    0.09115894
    0.07695393
    0.04276149
    0.04595013
    0.04951192
    0.04180584
    0.04440407
    0.07397949
    0.06540773
    0.06435441
    0.05179633
    0.05509121
    0.08336245
    0.07940288
    0.10048155
    0.10135752
    0.10344142
    0.06769040
    0.09985471
    0.05534959
    0.04190004
    0.07259277
    0.05099059
    0.08574452
   -0.33526821
    0.17851767
    0.03362364
    0.07792375
   -0.06682207
    0.07234790
    0.05492487
    0.01037533
   -0.04437709
    0.04572947
   -0.03870763
    0.04689387
   -0.03535084
    0.04088724
   -0.03139303
    0.03158992
   -0.03689285
    0.01865167
    0.27236972
   -0.51001245
   -0.16417680
    0.21588146
    0.04244725
    0.07342697
   -0.08149793
    0.05752599
    0.07280395
    0.36395393
   -0.64725075
   -0.62588206
    0.21080176
   -0.35752686
   -0.31724560
    0.20201163
    0.03632273
    0.10128716
   -0.07716074
    0.08314927
    0.07451946
    0.00665619
   -0.04144575
    0.06208998
   -0.05397939
    0.06435900
    0.15129369
   -0.44094410
    0.36212222
   -0.07177411
    0.05543551
   -0.04478236
    0.06197238
    0.20451999
   -0.37041454
   -0.29668945
    0.20092565
    0.03967857
    0.06823839
   -0.07500503
    0.06175614
    0.08681828
    0.04680084
   -0.28978180
    0.08227253
    0.05526164
   -0.09369535
    0.19016725
   -0.03049994
    0.03742289
    0.19555000
   -0.37296936
   -0.32049104
    0.19555132
    0.02040974
    0.07043629
   -0.02730988
    0.04560062
   -0.11847106
    0.04354518
    0.04492074
    0.05645425
   -0.05784205
    0.02851882
    0.04655599
   -0.10895062
    0.04390768
    0.03890477
    0.04031501
    0.26997778
   -0.51472509
   -0.15894517
    0.24618980
    0.02744377
    0.07993270
   -0.02884164
    0.07502110
   -0.12709218
    0.05337283
    0.06823093
    0.03833022
   -0.06003174
    0.01761366
    0.02374345
   -0.11594261
    0.05914324
    0.04043754
    0.04940231
    0.21146909
   -0.35017647
    0.21041992
    0.06657047
    0.20968367
    0.07347184
    0.20314507
    0.06270857
    0.21376358
    0.06774745
