           1           2   1.1822411082400259     
           2           3   1.1882541387069097     
           3           5   1.0303079703844458     
           5           6  0.97735697039339398     
           6           7   1.4140898155259407     
           7           8   1.4377345760119600     
           6           9  0.10720614301133220     
           8           9   1.4387779936053913     
           7          10  0.11184778794503329     
           9          10   1.4357350886016655     
           6          11   1.4116963471629920     
           8          11  0.11262733077199871     
          10          11   1.4394421772158792     
           4          12  0.93145152013779930     
          12          13  0.14824246092302845     
           3          14   1.0977577415454254     
          12          14   1.1004395951506625     
          13          14   1.5944517191865550     
           4          15   1.0112543190278152     
           1          17   1.6803334872631857     
           2          17  0.13436427028898157     
          16          18   1.0031546143160239     
          18          19  0.98702232166042136     
          19          20  0.99441644559217468     
           1          21  0.94142972550391835     
          20          21  0.99085652870955276     
          16          22  0.98955256119980584     
          21          22  0.97392137559239722     
          22          23  0.89512651206637106     
          23          24  0.74657194835078533     
          24          25   1.4046148580904938     
          25          26   1.4421751740875082     
          26          27   1.4032814897026402     
          25          28  0.10544022729512510     
          27          28   1.4001509704291661     
          24          29   1.4075335924112560     
          26          29  0.10572967511851250     
          28          29   1.4443182363078337     
          23          30   1.5365056901011458     
          23          31   1.5622801921295222     
          30          31  0.10332695142077158     
          27          32   1.0267842896932133     
           2          33  0.88813593938628588     
           4          34  0.96736383929357306     
           4          35  0.96551025157824111     
           5          36  0.93791411773829991     
           5          37  0.93968152354269652     
           7          38  0.96818686603015180     
           8          39  0.96844622309561346     
           9          40  0.96967921155123260     
          10          41  0.96994072037531831     
          11          42  0.96731479016124455     
          15          43  0.98163614045671665     
          15          44  0.98417746489770963     
          15          45  0.98548095593019924     
          16          46  0.96525285681548878     
          16          47  0.95727124923667228     
          18          48  0.96956288546854963     
          18          49  0.97058132309332290     
          20          50  0.96368392911803069     
          20          51  0.95744435890519852     
          21          52  0.91928782017586108     
          25          53  0.96347579670918182     
          26          54  0.95906801483382231     
          28          55  0.96678912571747233     
          29          56  0.96485668098417776     
          32          57  0.95362837854004501     
          32          58  0.97852617095249794     
          32          59  0.97449359969259830     
          60          61  0.95045141943597622     
          60          62   1.0333198806438839     
          62          63  0.94482665139306909     
          62          64  0.95105589763984555     
          64          65  0.96786910613675237     
          64          66  0.95250836796167271     
          64          67   1.0105277142970506     
          67          68   1.4260115021221236     
          68          69  0.96877692215181799     
          68          70   1.4281771986414380     
          70          71  0.97027651821822292     
          67          72  0.10811683274442077     
          70          72   1.4520322274275823     
          72          73  0.97117666663905489     
          68          74  0.10925826911509280     
          72          74   1.4194464663916693     
          74          75  0.97054559306481569     
          67          76   1.3939141681224312     
          70          76  0.11159911465663258     
          74          76   1.4588939355065942     
          76          77  0.96590401183665275     
          62          78  0.93161481503172727     
          78          79   1.6055480032123657     
          78          80   1.3046773536322966     
          79          80  0.19065878883390391     
          80          81  0.91170337233952048     
          80          82  0.98041478641018709     
          82          83  0.95318169676236608     
          82          84  0.94333835455626491     
          84          85  0.96996524451455890     
          84          86  0.94448697463577058     
          84          87  0.93275978514026536     
          87          88   1.4767082360477763     
          87          89   1.5001542399706922     
          88          89  0.21282047364210660     
          82          90  0.98831161398849010     
          90          91   1.9008592775234081     
          92          93  0.94333200343570756     
          92          94   1.0418294109412702     
          94          95  0.92154392756823200     
          94          96  0.93004284351461874     
          96          97  0.95344117050126376     
          96          98  0.96469126678623573     
          96          99   1.0154392219335120     
          99         100   1.3928572238480852     
         100         101  0.96625071759883352     
         100         102   1.4619789947048627     
         102         103  0.96748426995432579     
         102         104   1.3434833637024399     
         104         105   1.0788381151628323     
         105         106  0.84770297681390139     
         104         107   1.3560496238693902     
         107         108  0.96433767324599284     
          99         109   1.3900110219422099     
         102         109  0.10591100771486743     
         107         109   1.4545324887664968     
         109         110  0.96450516306803258     
          94         111  0.97099822816097625     
         111         112   1.8911306252493061     
         113         114  0.92346745570520516     
         113         115   1.0183077324257428     
         115         116  0.96334469391926636     
         115         117  0.94898526519239534     
         117         118  0.96339056423456348     
         117         119  0.96101329261045421     
         117         120   1.0103470231833809     
         120         121   1.2660440777170214     
         121         122   1.5298688333810784     
         122         123  0.96333780392171875     
         121         124  0.10069698278836571     
         122         124   1.2833369793129308     
         124         125  0.93449321910801397     
         120         126   1.5489285001553597     
         122         126  0.11246867973170109     
         124         126   1.2091713766219165     
         126         127  0.96571937169108857     
         115         128  0.95994300394165322     
         128         129   1.8531961112608821     
         130         131  0.94063618947566474     
         130         132   1.0261516142041480     
         132         133  0.94547408747705275     
         132         134  0.94425192028459570     
         134         135  0.96189534544224664     
         134         136   1.0038332746037737     
         136         137  0.97939281673705769     
         136         138  0.98358122793466074     
         136         139  0.97480636077459015     
         134         140  0.99193436563987736     
         140         141  0.96672490384807030     
         140         142  0.97078576148192475     
         140         143   1.0197294901634921     
         143         144  0.98715613741515384     
         143         145  0.98344401420981387     
         143         146  0.98359340140483442     
         132         147  0.93169624703473941     
         147         148   1.6074586022395727     
         147         149   1.3271145861296247     
         148         149  0.19462418501036263     
         149         150  0.87668636423825685     
         149         151  0.96991244231141471     
         151         152  0.95521466417901502     
         151         153  0.95694722759454831     
         153         154  0.95237155306542265     
         153         155   1.0088599588173175     
         155         156  0.98314542689255568     
         155         157  0.97486096168450254     
         155         158  0.98231527483771330     
         153         159  0.99065960613390736     
         159         160  0.97073376717259019     
         159         161  0.97378307069390191     
         159         162   1.0175608621994123     
         162         163  0.97972922077182789     
         162         164  0.98187006570192636     
         162         165  0.98269937243293259     
         151         166  0.96805947027631778     
         166         167   1.9066724319987756     
          60         168  0.94117046678010863     
          90         169  0.93876154207834994     
          92         170  0.94318024593810301     
         111         171  0.93008361879239076     
         113         172  0.94340480574063745     
         128         173  0.93765735280501705     
         130         174  0.93885686620292619     
         166         175  0.93702871426918488     
