   -0.37037691
    0.15675310
    0.02888098
    0.06343818
   -0.07176696
    0.07158651
    0.03952795
    0.00716423
   -0.04465351
    0.05563305
   -0.03651684
    0.04887996
   -0.03738757
    0.03498047
   -0.03640712
    0.02833507
   -0.03634211
    0.00327810
    0.27372214
   -0.51912851
   -0.16638099
    0.22186702
    0.04067564
    0.08216166
   -0.07826267
    0.03430374
    0.04874174
    0.36457923
   -0.63644392
   -0.66425223
    0.20869118
   -0.37211437
   -0.36679988
    0.16503275
    0.03410170
    0.08812333
   -0.07445298
    0.04867457
    0.07163574
    0.01051057
   -0.04210632
    0.03335793
   -0.04055423
    0.03823649
   -0.03777451
    0.02539345
   -0.03849258
    0.04092406
   -0.04373871
    0.04392858
    0.20700594
   -0.38219998
   -0.37986881
    0.16495081
    0.02671864
    0.05664611
   -0.04543050
    0.02248828
    0.03358913
   -0.09828887
    0.05360141
    0.03908473
    0.36362895
   -0.66887983
   -0.67146922
    0.25937340
   -0.53950368
   -0.15043867
    0.20927978
    0.03035456
    0.09063534
   -0.01559748
    0.06177756
   -0.10953136
    0.04710622
    0.03727069
    0.03772874
   -0.12039280
    0.06587233
    0.05451504
    0.04153376
    0.19812866
   -0.37910123
   -0.37690920
    0.16087807
    0.04615538
    0.07619378
   -0.06556398
    0.05845785
    0.05706657
   -0.00098062
   -0.04382559
    0.04666077
   -0.07412846
    0.03804625
    0.14496295
   -0.46486508
    0.36503101
   -0.05781215
    0.04899413
   -0.04491833
    0.04926022
    0.20253667
   -0.39618937
   -0.35591743
    0.16956341
    0.04584808
    0.05619311
   -0.06784146
    0.05412024
    0.05898517
    0.04354329
   -0.32590743
    0.08695173
    0.03838583
   -0.10060084
    0.22229898
   -0.03402282
    0.05561415
    0.21080525
   -0.36100259
   -0.37892924
    0.17124568
    0.02455536
    0.06105211
   -0.02915919
    0.03295630
   -0.10607824
    0.03454718
    0.05210677
    0.02013795
   -0.05680615
    0.02170144
    0.02690554
   -0.11680000
    0.03299915
    0.05958542
    0.04286817
    0.27364670
   -0.52395354
   -0.16503576
    0.22880598
    0.03115960
    0.08489370
   -0.02027332
    0.07173430
   -0.12457434
    0.04365633
    0.05821359
    0.05559354
   -0.05296267
    0.01539267
    0.03526596
   -0.10561037
    0.02625282
    0.04365525
    0.04529498
    0.20414300
   -0.36798835
    0.18715664
    0.06218004
    0.18250591
    0.03854146
    0.18655297
    0.07958061
    0.16662942
    0.06805280
    0.15754859
    0.06184725
    0.17499621
    0.07838841
