           1           2  0.95658008252336868     
           1           3   1.0267370696349325     
           3           4  0.95449218220595700     
           3           5  0.95267056857200971     
           5           6  0.96345647172759097     
           5           7  0.96459161172906338     
           5           8   1.0108774643691592     
           8           9   1.4155006837163171     
           9          10  0.96637684375892885     
           9          11   1.4365303252778465     
          11          12  0.96896744982147487     
           8          13  0.10874057690931592     
          11          13   1.4470644953361860     
          13          14  0.97134845897817368     
           9          15  0.11161890036745849     
          13          15   1.4250231641157267     
          15          16  0.97224733534048724     
           8          17   1.4044622801218172     
          11          17  0.10949304791498139     
          15          17   1.4494337951496046     
          17          18  0.97008570748464917     
           3          19  0.93679095984830596     
          19          20   1.6261595067469370     
          19          21   1.2883242945449007     
          20          21  0.19134485322745662     
          21          22  0.91252326356849289     
          21          23  0.98785814349601564     
          23          24  0.94387531178677109     
          23          25  0.94153452560491890     
          25          26  0.97404319862806921     
          25          27  0.95224698310490596     
          25          28  0.93237175039351483     
          28          29   1.5073679418544330     
          28          30   1.4757402377297961     
          29          30  0.21809976451719618     
          23          31  0.99906872408008929     
          31          32   1.8730049096804857     
          33          34  0.95634329458429357     
          33          35   1.0324182012332748     
          35          36  0.93106496070058231     
          35          37  0.93942064487020627     
          37          38  0.97237858963263535     
          37          39  0.96086394636324446     
          37          40   1.0104390586148140     
          40          41   1.4075273195002871     
          41          42  0.96944483461313036     
          41          43   1.4457327133017168     
          43          44  0.97133730069449875     
          40          45  0.10650551969442293     
          43          45   1.4310857820622953     
          45          46  0.97214246106555013     
          41          47  0.11164019906141782     
          45          47   1.4472532825225370     
          47          48  0.97139382543835029     
          40          49   1.4185485334797276     
          43          49  0.11401625236099547     
          47          49   1.4333363429428188     
          49          50  0.96883343674110178     
          35          51  0.98794243618835453     
          51          52   1.8815781491378352     
          53          54  0.95437082287526609     
          53          55   1.0284412822028741     
          55          56  0.95090053665920471     
          55          57  0.97598833675912688     
          57          58  0.97558593821706574     
          57          59  0.97336532382438867     
          57          60   1.0049195965153812     
          60          61  0.95661943439490238     
          60          62  0.97361607693018382     
          60          63  0.93927943636599454     
          63          64   1.4814600547142369     
          63          65   1.4808843141181902     
          64          65  0.20875752091012381     
          55          66  0.93408977452905051     
          66          67   1.6027269184952782     
          66          68   1.3123744017196595     
          67          68  0.19255197023076978     
          68          69  0.91773391546470251     
          68          70  0.98350545221804631     
          70          71  0.93344518740095528     
          70          72  0.93749110945344705     
          72          73  0.96268631889280376     
          72          74   1.0042913663719344     
          74          75  0.98161990074211902     
          74          76  0.98684448662582092     
          74          77  0.98696830553472514     
          72          78   1.0075597946581873     
          78          79  0.98197543190070113     
          78          80  0.98435665102756087     
          78          81  0.98546647602479442     
          70          82  0.99537133785833853     
          82          83   1.8700437132791394     
          84          85  0.95545606831220309     
          84          86   1.0265273640366770     
          86          87  0.93405890941880387     
          86          88  0.94733937929513534     
          88          89  0.96092484532507716     
          88          90  0.96845946731790122     
          88          91   1.0078259031900234     
          91          92   1.4079529423362194     
          92          93  0.96795058151533986     
          92          94   1.4506231532163683     
          94          95  0.96682523162207201     
          94          96   1.3651846759896942     
          96          97   1.0698323854292513     
          97          98  0.84411468735590056     
          92          99  0.10783588570452590     
          96          99   1.3583790518734475     
          99         100  0.96837740714600384     
          91         101   1.3988933102621091     
          94         101  0.10240962415484121     
          99         101   1.4578390160395607     
         101         102  0.96269214197804709     
          86         103  0.98165464519917922     
         103         104   1.8737466359625026     
         105         106  0.93271114660245291     
         105         107   1.0142405656177162     
         107         108  0.96252574449887729     
         107         109  0.93797934112063719     
         109         110  0.96482101859493896     
         109         111  0.96254593517344589     
         109         112   1.0121446871265714     
         112         113   1.2646034948653573     
         113         114   1.5263842773940939     
         114         115  0.96299378684401526     
         113         116  0.10787247912241739     
         114         116   1.2955132094925637     
         116         117  0.92183612727921860     
         112         118   1.5672043362143706     
         114         118  0.11606406536964654     
         116         118   1.2005226306068799     
         118         119  0.96541655836626816     
         107         120  0.98529157064686246     
         120         121   1.8738106438025812     
         122         123  0.93430011321373319     
         122         124   1.0206963479175246     
         124         125  0.95403913220301617     
         124         126  0.95189930347041352     
         126         127  0.96797103937501994     
         126         128   1.0064909834102904     
         128         129  0.98570236099048048     
         128         130  0.98203130089616630     
         128         131  0.98042408558229799     
         126         132  0.99117783956013861     
         132         133  0.97360279523319149     
         132         134  0.97757655636899632     
         132         135   1.0168885869398465     
         135         136  0.98231167007434950     
         135         137  0.97999085989200263     
         135         138  0.98731653085999327     
         124         139  0.94928198127029073     
         139         140   1.6093613164133966     
         139         141   1.3127089982982361     
         140         141  0.19289855695008457     
         141         142  0.88727264421482777     
         141         143  0.97845258238487232     
         143         144  0.94806894877054537     
         143         145  0.94554249874012053     
         145         146  0.94835077405424228     
         145         147   1.0040518960414917     
         147         148  0.98035712067733194     
         147         149  0.98376819245604363     
         147         150  0.98122666662535063     
         145         151  0.99812131937754356     
         151         152  0.96778212096553429     
         151         153  0.97461505227134626     
         151         154   1.0134330231760591     
         154         155  0.98392772400971096     
         154         156  0.98494944617624181     
         154         157  0.98658550918451926     
         143         158  0.97756380654449748     
         158         159   1.8832817047571206     
           1         160  0.95032398652970462     
          31         161  0.94168421387258761     
          33         162  0.95192439133658324     
          51         163  0.93752050765100203     
          53         164  0.95060938756346469     
          82         165  0.93533127128583460     
          84         166  0.95649093779892569     
         103         167  0.93536695348888788     
         105         168  0.96208507416282940     
         120         169  0.93856408525215862     
         122         170  0.95434501767046531     
         158         171  0.93645181924151322     
