    0.28754201
   -0.07766236
    0.08771037
    0.07130824
   -0.07892575
    0.03517662
   -0.03803470
   -0.03269136
   -0.03126878
   -0.02454570
   -0.03536753
   -0.23565880
   -0.42633312
    0.35060311
   -0.13727969
   -0.00495265
   -0.39538516
   -0.05361717
    0.03138800
   -0.07174047
    0.01959381
   -0.25327974
    1.14492795
   -0.08528229
   -0.03304434
   -0.03818013
    0.03901275
   -0.03426614
   -0.02970989
   -0.65876255
   -0.64080331
   -0.13975602
    0.27986729
    0.07847216
    0.07261459
    0.12028243
    0.12279069
    0.05581014
    0.05150888
    0.05745979
    0.05895250
    0.07453954
    0.07795980
    0.07116230
    0.07596527
    0.06826429
    0.08624556
    0.11535989
    0.11474439
    0.13130461
    0.12781765
    0.12455031
    0.08143310
    0.08489365
    0.07839138
    0.05641270
    0.06372046
    0.08770510
    0.07105632
