           1           2   1.1255101063237340     
           2           3   1.3170216959917516     
           3           5   1.0748605185997537     
           5           6  0.94991601286345251     
           6           7   1.4023890362314029     
           7           8   1.4350240623853121     
           8           9   1.4288775244201060     
           7          10  0.10601856930115279     
           9          10   1.4315391879602957     
           6          11   1.4027447070255490     
           8          11  0.10690657339592813     
          10          11   1.4319318961709924     
           4          12  0.93040779665328532     
          12          13  0.18425622421703136     
           3          14   1.0253397693574107     
          12          14   1.1409237561410996     
          13          14   1.6659351501887669     
           4          15   1.0067597523066276     
           1          17   1.7450849191745612     
           2          17  0.10103129685948702     
          16          18  0.99393715928833681     
          18          19  0.99536631453609525     
          19          20  0.99693638141102170     
           1          21  0.94839683321963553     
          20          21  0.98399119230075116     
          16          22  0.98576992750082759     
          21          22  0.98570312901169133     
          22          23  0.87638232714630926     
          23          24  0.73086274362662496     
          24          25   1.3972536540715104     
          25          26   1.4487627557133198     
          26          27   1.3976404256398183     
          25          28  0.10728244328288748     
          27          28   1.4006385249176421     
          24          29   1.4182120675010477     
          26          29  0.10279061022664496     
          28          29   1.4341327564285395     
          23          30   1.5452433580746121     
          23          31   1.5689492743567539     
          27          32   1.0306340162375656     
           2          33  0.83904399582270739     
           4          34  0.95887189423318042     
           4          35  0.96377483348743753     
           5          36  0.94232244677312715     
           5          37  0.88696711274355589     
           7          38  0.96383749002765196     
           8          39  0.96975988781814015     
           9          40  0.96755320316237492     
          10          41  0.96507271862174815     
          11          42  0.96524228276290902     
          15          43  0.97939490326073886     
          15          44  0.98463977336390462     
          15          45  0.98141852992503520     
          16          46  0.96421966944948345     
          16          47  0.95737806457828523     
          18          48  0.95384936304883050     
          18          49  0.96265781675738982     
          20          50  0.94847099206137575     
          20          51  0.94906968841623862     
          21          52  0.90994216313398146     
          25          53  0.96380532362410309     
          26          54  0.96160147718211353     
          28          55  0.96166353421545459     
          29          56  0.96363291448274113     
          32          57  0.95855567048356294     
          32          58  0.97532139149416097     
          32          59  0.97297007234549648     
