    0.25975301
   -0.13502473
    0.03087916
    0.08182572
   -0.06529943
    0.02536230
   -0.04083790
   -0.03992523
   -0.03696644
   -0.02923614
   -0.03196118
   -0.29068518
   -0.49702306
    0.33120865
   -0.13218793
    0.01135339
   -0.47916710
   -0.03685685
   -0.15643929
   -0.04529914
    0.02911365
   -0.29492989
    1.16156404
   -0.08987467
   -0.03271355
   -0.03672283
    0.04092173
   -0.02596755
   -0.02196230
   -0.67345382
   -0.66493561
   -0.13105250
    0.24893462
    0.06270663
    0.06400843
    0.09116367
    0.07477595
    0.03716353
    0.05154650
    0.03932765
    0.01455609
    0.03586080
    0.06982212
    0.06003008
    0.06446835
    0.03094255
    0.06604971
    0.10780534
    0.09717318
    0.10416312
    0.08451237
    0.08291907
    0.07034719
    0.10209388
    0.07421379
    0.05931333
    0.06124788
    0.07677117
    0.08448846
   -0.32649694
    0.18762445
    0.03994121
    0.07208956
   -0.07938789
    0.07686347
    0.06019591
    0.00309001
   -0.03955114
    0.02668129
   -0.06825835
    0.03436521
    0.14188303
   -0.44192685
    0.34826496
   -0.06607247
    0.04743635
   -0.04612059
    0.04872533
    0.20892332
   -0.36095204
   -0.34040090
    0.17188479
    0.03905570
    0.08116824
   -0.07444750
    0.06632839
    0.05952647
    0.00693552
   -0.04454083
    0.03934472
   -0.03990898
    0.04073820
   -0.03740522
    0.02910674
   -0.03769348
    0.03788290
   -0.04126735
    0.02848517
    0.27113474
   -0.52222812
   -0.15401338
    0.19790280
    0.03665473
    0.11142291
   -0.08483619
    0.03739439
    0.07161383
    0.35850327
   -0.61258180
   -0.60923604
    0.20888270
   -0.37452300
   -0.33921914
    0.19476723
    0.03090452
    0.10513540
   -0.07289886
    0.06070454
    0.06115687
   -0.08359139
    0.07264549
    0.06196185
   -0.02283612
    0.08690886
    0.07971158
   -0.14418775
    0.22800527
    0.23867176
   -0.24188795
    0.23701781
    0.23922836
   -0.26236428
    0.22599647
    0.24811919
    0.20141789
   -0.40925424
   -0.34055374
    0.18947587
    0.04011272
    0.07801619
   -0.07336015
    0.06028210
    0.09893717
    0.01181405
   -0.04311076
    0.03916167
   -0.04070692
    0.03721622
   -0.04143979
    0.01896366
   -0.03365229
    0.02017102
   -0.04249259
    0.05681227
    0.20433946
   -0.38325890
   -0.34834406
    0.17643562
    0.03202990
    0.09285621
   -0.05106389
    0.06587346
    0.04107000
   -0.08389214
    0.02298394
    0.04295085
    0.36441162
   -0.64793845
   -0.65476188
    0.20416227
   -0.39187332
   -0.34748928
    0.18745870
    0.04053642
    0.08365788
   -0.06945635
    0.05900085
    0.07169035
    0.00237508
   -0.04431581
    0.05881145
   -0.06000837
    0.04994545
    0.14102762
   -0.43134437
    0.33774233
   -0.07624647
    0.04416277
   -0.04914586
    0.04971496
    0.20329009
   -0.39373314
   -0.32451405
    0.17626586
    0.04236874
    0.06997770
   -0.07346425
    0.06115240
    0.06534887
    0.04564298
   -0.33245498
    0.07649981
    0.05073220
   -0.07977765
    0.20510503
   -0.02722130
    0.05077804
    0.21279394
   -0.35314527
   -0.32277168
    0.19307780
    0.03390931
    0.08463721
   -0.02212035
    0.07115790
   -0.11221952
    0.05054711
    0.05195817
    0.03429933
   -0.05813380
    0.01906147
    0.03616365
   -0.12124102
    0.04413752
    0.04199814
    0.04420807
    0.21067469
   -0.38450946
    0.20212490
    0.06027173
    0.19794702
    0.07686446
    0.19061997
    0.05657515
    0.18495210
    0.04429702
    0.21159003
    0.06587386
    0.18697982
    0.06674272
    0.18759418
    0.07139733
    0.20354924
    0.06821675
