           1           2   1.1860169785517629     
           2           3   1.1993076126365538     
           3           5   1.0317534641717432     
           5           6  0.97885760432811930     
           6           7   1.4048613178281733     
           7           8   1.4443728403915996     
           6           9  0.10615156353922599     
           8           9   1.4335677361115793     
           7          10  0.10986253418617203     
           9          10   1.4393708262508846     
           6          11   1.4097235008141542     
           8          11  0.11217958669789531     
          10          11   1.4386624478049659     
           4          12  0.93393884051430143     
          12          13  0.14930420954122831     
           3          14   1.0968343426672515     
          12          14   1.0934260312314856     
          13          14   1.5999384603558906     
           4          15   1.0112704934322241     
           1          17   1.6588278740189009     
           2          17  0.13707961800980167     
          16          18   1.0076817033970116     
          18          19  0.98737660186895626     
          19          20  0.99249960940267390     
           1          21  0.93714205880493362     
          20          21  0.98935127577971449     
          16          22  0.97881209987147266     
          21          22  0.97690168960411627     
          22          23  0.89410026567587919     
          23          24  0.71776952749733458     
          24          25   1.3904108131758477     
          25          26   1.4588199153962109     
          26          27   1.3848353990326738     
          25          28  0.10392751896653606     
          27          28   1.4140084180639796     
          24          29   1.4155614281504056     
          26          29  0.10591916431735279     
          28          29   1.4286324038950835     
          23          30   1.5371203266332092     
          23          31   1.5422500060055282     
          27          32   1.0303656926146663     
           2          33  0.84126585214393756     
           4          34  0.96541529733458553     
           4          35  0.96485065598625908     
           5          36  0.94838559883559137     
           5          37  0.94092874230407730     
           7          38  0.96817141570740817     
           8          39  0.97037477111542669     
           9          40  0.97056212960196564     
          10          41  0.97243338352632303     
          11          42  0.96931784785005681     
          15          43  0.98048374088538015     
          15          44  0.98371267967597464     
          15          45  0.98558999384030876     
          16          46  0.97017737282218508     
          16          47  0.96021556210819892     
          18          48  0.96514121393612795     
          18          49  0.96359793814465078     
          20          50  0.96396992727612296     
          20          51  0.96497788014493868     
          21          52  0.93958612734053293     
          25          53  0.96077937386691337     
          26          54  0.95788663635800331     
          28          55  0.96313733487197761     
          29          56  0.96555341311466547     
          32          57  0.97953691233564522     
          32          58  0.95355992277977464     
          32          59  0.97206678062962015     
          60          61  0.94986699492622240     
          60          62   1.0298627982445481     
          62          63  0.95389085894031123     
          62          64  0.93632028374152998     
          64          65  0.96195543426081354     
          64          66  0.95591495045807795     
          64          67   1.0123660311595826     
          67          68   1.4035040682500295     
          68          69  0.96482132128935094     
          68          70   1.4541536760959926     
          70          71  0.96533349365528176     
          70          72   1.3563595452004005     
          72          73   1.0785439627058184     
          73          74  0.80804300170178067     
          68          75  0.10374672922102937     
          72          75   1.3668004671628471     
          75          76  0.96977972119824196     
          67          77   1.4018028459243410     
          70          77  0.10840988976113226     
          75          77   1.4472126694481313     
          77          78  0.96850212376242373     
          62          79  0.97183276630737492     
          79          80   1.9040518039442722     
          81          82  0.94434459875409704     
          81          83   1.0252858096281159     
          83          84  0.94920821562146740     
          83          85  0.94797293533224969     
          85          86  0.96520737170766857     
          85          87  0.94999872606330460     
          85          88   1.0130861428916593     
          88          89   1.4219660874318043     
          89          90  0.96939526224635886     
          89          91   1.4303688384921438     
          91          92  0.97005987657152737     
          88          93  0.10663528670485761     
          91          93   1.4461958035027382     
          93          94  0.97140171903246586     
          89          95  0.10941771148362454     
          93          95   1.4290529747417977     
          95          96  0.97029037718716471     
          88          97   1.3959538744350122     
          91          97  0.11392772185613441     
          95          97   1.4510770605935490     
          97          98  0.96419645402544862     
          83          99  0.95128514598514369     
          99         100   1.6023059970235844     
          99         101   1.3035321432419882     
         100         101  0.18743136242457714     
         101         102  0.91364007408855374     
         101         103  0.98592429133125870     
         103         104  0.92926907941609105     
         103         105  0.93260480634825094     
         105         106  0.97147565161081650     
         105         107  0.94119699097380161     
         105         108  0.94701077323337290     
         108         109   1.4428404978792040     
         108         110   1.5126341227022548     
         109         110  0.21256864686350743     
         103         111   1.0081248381828161     
         111         112   1.8760250838831520     
         113         114  0.94435330831535114     
         113         115   1.0399722069839250     
         115         116  0.91445179317472047     
         115         117  0.94974228194277965     
         117         118  0.97102411788237830     
         117         119  0.97170195122125280     
         117         120   1.0036183381853585     
         120         121  0.97089052198112080     
         120         122  0.97198249756794552     
         120         123  0.99772763185717650     
         123         124  0.96187692234928934     
         123         125  0.96596743256437423     
         123         126  0.98365810021597411     
         126         127  0.91817190614189104     
         126         128   1.2905278336568591     
         128         129   1.3335870399640382     
         129         130  0.92123147827619301     
         129         131  0.88575241765256907     
         128         132   1.3193091188068624     
         129         132  0.10463739515667750     
         132         133  0.92775394903232133     
         132         134  0.88230766095365931     
         115         135  0.98711589180523185     
         135         136   1.8601809428857239     
         137         138  0.94961103500116040     
         137         139   1.0272961986598983     
         139         140  0.93844651118871170     
         139         141  0.95547751962433924     
         141         142  0.97242278193877074     
         141         143  0.95102657246271782     
         141         144   1.0075190716792541     
         144         145   1.4205583282164140     
         145         146  0.96928358389368907     
         145         147   1.4321276269281933     
         147         148  0.97195605392255313     
         144         149  0.10746396198448721     
         147         149   1.4478964499980762     
         149         150  0.97369093966957387     
         145         151  0.11248513262630416     
         149         151   1.4289948117180280     
         151         152  0.97275659031844097     
         144         153   1.4081351308924226     
         147         153  0.11256988058284206     
         151         153   1.4480395773246748     
         153         154  0.96396383544287034     
         139         155  0.97068512238950078     
         155         156   1.8858570323193942     
         157         158  0.95107720230074766     
         157         159   1.0412148181197456     
         159         160  0.93142232823974314     
         159         161  0.94698360712417951     
         161         162  0.97007099516745998     
         161         163  0.97393489468356853     
         161         164   1.0125246029870578     
         164         165  0.96830950269308680     
         164         166  0.95843699869114896     
         164         167  0.92777144669339229     
         167         168   1.4893299644536053     
         167         169   1.4831182516530026     
         168         169  0.21049136522116979     
         159         170  0.97855444988836182     
         170         171   1.8770656823310157     
         172         173  0.94638760353389817     
         172         174   1.0312764668943861     
         174         175  0.93800241599267931     
         174         176  0.93729969631405852     
         176         177  0.96334617075567885     
         176         178  0.96601068063056172     
         176         179   1.0029499269068149     
         179         180   1.3962239891128683     
         180         181  0.96632838450987291     
         180         182   1.4597481659850668     
         182         183  0.96873755803582906     
         182         184   1.3636447842125112     
         184         185   1.0648700054434646     
         185         186  0.86687743450013355     
         180         187  0.10761170116530701     
         184         187   1.3733952742719653     
         187         188  0.96882434333614964     
         179         189   1.4188741371430187     
         182         189  0.10722413574296144     
         187         189   1.4381624436203033     
         189         190  0.96846242509948988     
         174         191  0.97808897202108946     
         191         192   1.8725133170284227     
         193         194  0.95408931356543714     
         193         195   1.0050409223580019     
         195         196  0.95808130176969997     
         195         197  0.95663039720058984     
         197         198  0.96937765071854587     
         197         199  0.95423496653614936     
         197         200   1.0084918610047169     
         200         201   1.2658347196544246     
         201         202   1.5191819744311497     
         202         203  0.96381774639823958     
         201         204  0.10774991930102910     
         202         204   1.3013851854694729     
         204         205  0.92875562900989928     
         200         206   1.5676572293804865     
         202         206  0.11709491148307401     
         204         206   1.1972309417165079     
         206         207  0.96599446166808400     
         195         208  0.97585070248372774     
         208         209   1.9045673697662269     
         210         211  0.93571355367884357     
         210         212   1.0244690096797411     
         212         213  0.94877396825215066     
         212         214  0.92652832050121203     
         214         215  0.95466355781627543     
         214         216   1.0098881350011544     
         216         217  0.98089185339596408     
         216         218  0.97890292258117961     
         216         219  0.98337502323393422     
         214         220  0.99182338960451599     
         220         221  0.97264286466204997     
         220         222  0.97520706598883589     
         220         223   1.0159151192138707     
         223         224  0.98453603567094672     
         223         225  0.98249512191024491     
         223         226  0.98375037308960978     
         212         227  0.97930551833898916     
         227         228   1.8867620981741751     
          60         229  0.94354407916109595     
          79         230  0.93524940739795137     
          81         231  0.94544191284758961     
         111         232  0.93621775404359664     
         113         233  0.95009168228359697     
         135         234  0.93765783050306051     
         137         235  0.95131540315945839     
         155         236  0.93907080974351365     
         157         237  0.94131418765814412     
         170         238  0.93332162901864302     
         172         239  0.94900023226405372     
         191         240  0.93383480503152005     
         193         241  0.94783202828910484     
         208         242  0.93640359546215957     
         210         243  0.94498877810955384     
         227         244  0.93654278972897997     
