    0.28488164
   -0.07448810
    0.08859664
    0.06226189
   -0.07910412
    0.03371111
   -0.03519604
   -0.02961785
   -0.02912015
   -0.02736511
   -0.03577865
   -0.23823208
   -0.42246545
    0.35422038
   -0.13236956
   -0.00521185
   -0.39539872
   -0.05449285
    0.04266319
   -0.06602283
    0.01439125
   -0.24681260
    1.14806229
   -0.08473418
   -0.02881145
   -0.03839241
    0.03674552
   -0.03962398
   -0.03370835
   -0.64607011
   -0.64252993
   -0.13675782
    0.27474815
    0.07514669
    0.09504013
    0.11849829
    0.11933168
    0.05481320
    0.05540187
    0.05586284
    0.06226681
    0.05923189
    0.07463675
    0.06129180
    0.06622280
    0.07667063
    0.08520987
    0.11826870
    0.11115244
    0.12571282
    0.11967282
    0.12033605
    0.08689464
    0.08687077
    0.07402884
    0.05472771
    0.07594495
    0.08369193
    0.06509523
