           1           2   1.1348123575644280     
           2           3   1.3140142029026143     
           3           5   1.0540657855595672     
           5           6  0.93526007335951367     
           6           7   1.3986961898369261     
           7           8   1.4361086854342044     
           8           9   1.4245399525835503     
           7          10  0.10797893163502569     
           9          10   1.4342780892559273     
           6          11   1.4052776724884701     
           8          11  0.10378818507585025     
          10          11   1.4329375575310017     
           4          12  0.93732872506324738     
          12          13  0.18650440518518738     
           3          14   1.0295953007446161     
          12          14   1.1398772443843346     
          13          14   1.6616251101919701     
           4          15  0.99253348029627286     
           1          17   1.7467408990780748     
           2          17  0.10537227303140854     
          16          18   1.0013109276396623     
          18          19  0.99385278507720753     
          19          20   1.0011281899641451     
           1          21  0.93054958991431191     
          20          21  0.98332327499350225     
          16          22  0.98340420830564002     
          21          22  0.97872142249150851     
          22          23  0.89115104124454814     
          23          24  0.74047320537012351     
          24          25   1.3994771905007801     
          25          26   1.4566210089962190     
          26          27   1.3864610925404330     
          25          28  0.10080679224007652     
          27          28   1.3977347479870779     
          24          29   1.4020164271712789     
          26          29  0.10356098433711049     
          28          29   1.4475888961793539     
          23          30   1.5440764503305189     
          23          31   1.5599730819338382     
          30          31  0.10502311224843831     
          27          32   1.0334231959514342     
           2          33  0.84344086824985565     
           4          34  0.96017822532783315     
           4          35  0.96293209735662000     
           5          36  0.93372179157866309     
           5          37  0.93784567414783926     
           7          38  0.96639334968285451     
           8          39  0.96580829032921212     
           9          40  0.96702986920745793     
          10          41  0.96663337034209595     
          11          42  0.96236412413835715     
          15          43  0.97964897762492542     
          15          44  0.98299413822626447     
          15          45  0.98404351790767564     
          16          46  0.95846721328754958     
          16          47  0.95450688829451014     
          18          48  0.94933695938520135     
          18          49  0.95989067971189090     
          20          50  0.95025425799812968     
          20          51  0.95918810814418531     
          21          52  0.92653086401820994     
          25          53  0.95976334556800547     
          26          54  0.96201196879321460     
          28          55  0.96422198655563807     
          29          56  0.96691334154757225     
          32          57  0.96737929645748277     
          32          58  0.95445169696494403     
          32          59  0.98205517451018964     
