           1           2   1.1789054340539251     
           2           3   1.2044074790959685     
           3           5   1.0236396211608079     
           5           6  0.96558791464576477     
           6           7   1.4074815101478628     
           7           8   1.4422211663861277     
           6           9  0.10772156473233589     
           8           9   1.4348056181995212     
           7          10  0.11210498340892301     
           9          10   1.4393800906309333     
           6          11   1.4152114255959678     
           8          11  0.11017991591009206     
          10          11   1.4389531239468727     
           4          12  0.94695308769950914     
          12          13  0.14828974025470898     
           3          14   1.0893814865492761     
          12          14   1.0900828977855923     
          13          14   1.6070229914044274     
           4          15   1.0019750037301549     
           1          17   1.6757345576411224     
           2          17  0.13343697631716694     
          16          18   1.0060094579977310     
          18          19  0.99051514256793416     
          19          20  0.99441902187045961     
           1          21  0.93583578014467739     
          20          21  0.99071283721538017     
          16          22  0.98705601230386009     
          21          22  0.97385484554882062     
          22          23  0.89470182581952162     
          23          24  0.74124473653132084     
          24          25   1.4025951121738411     
          25          26   1.4549860727327626     
          24          27  0.10436739490929256     
          26          27   1.3924200882834428     
          25          28  0.10127228402885710     
          27          28   1.4033434826723679     
          24          29   1.4056586786867340     
          26          29  0.10513040635818258     
          28          29   1.4456566788253433     
          23          30   1.5388479955321448     
          23          31   1.5642836241286859     
          30          31  0.10832641228801337     
          27          32   1.0301702915127957     
           2          33  0.86555354082068503     
           4          34  0.96856233726328622     
           4          35  0.96523722085841390     
           5          36  0.94837999410540474     
           5          37  0.95265777957669528     
           7          38  0.96723225817174341     
           8          39  0.96882582078000135     
           9          40  0.96993715912887812     
          10          41  0.97026921754856921     
          11          42  0.96592581104070119     
          15          43  0.98299559571561623     
          15          44  0.98491293830061277     
          15          45  0.98719195668927440     
          16          46  0.96467236144067670     
          16          47  0.95996677273604425     
          18          48  0.96812204903858823     
          18          49  0.96628232961832361     
          20          50  0.96529138660280389     
          20          51  0.96663828993555756     
          21          52  0.93486825817016106     
          25          53  0.96305787295479250     
          26          54  0.96433328440324328     
          28          55  0.96131927530947747     
          29          56  0.96554190418681840     
          32          57  0.96596372781825379     
          32          58  0.96130516470018534     
          32          59  0.98062469755496307     
          60          61  0.93880489336057116     
          60          62   1.0339503561366390     
          62          63  0.94372623302694958     
          62          64  0.93420451916091496     
          64          65  0.96197764921482609     
          64          66  0.96391428610102325     
          64          67   1.0105525853820454     
          67          68   1.4057481970929830     
          68          69  0.96584005967761843     
          68          70   1.4438557785858490     
          70          71  0.97050376482349121     
          67          72  0.10344689796393676     
          70          72   1.4303888194044341     
          72          73  0.97188121177430742     
          68          74  0.11177694871120362     
          72          74   1.4437322332729219     
          74          75  0.96879925790334220     
          67          76   1.4168657265467606     
          70          76  0.11334923794120806     
          74          76   1.4321410370070062     
          76          77  0.96809717716777899     
          62          78  0.95015452357373131     
          78          79   1.6146825134409255     
          78          80   1.2907250509484793     
          79          80  0.18545266322578821     
          80          81  0.90572827387072186     
          80          82  0.98012107178302776     
          82          83  0.95056417759669665     
          82          84  0.95362475403518765     
          84          85  0.97215437893929280     
          84          86  0.94637482283304530     
          84          87  0.94019012442287275     
          87          88   1.4830144042888920     
          87          89   1.4831922618234707     
          88          89  0.20481662372568002     
          82          90  0.98762394673296772     
          90          91   1.8992710011095681     
          92          93  0.95046832794787184     
          92          94   1.0211248504011021     
          94          95  0.93802450777200852     
          94          96  0.97287040084180187     
          96          97  0.97329331164019561     
          96          98  0.97079946798511585     
          96          99   1.0027776276588052     
          99         100  0.94988343548322063     
          99         101  0.97089645230367627     
          99         102  0.96573272181058289     
         102         103   1.6197339392515517     
         102         104   1.3221235583035122     
         103         104  0.19365317186654682     
         104         105  0.92053088055840282     
         104         106  0.91458474430362546     
          94         107  0.94429403995027428     
         107         108   1.6253903152836844     
         107         109   1.2927579187347733     
         108         109  0.19239216613882965     
         109         110  0.91330781783823500     
         109         111  0.98123041248427012     
         111         112  0.94541931958985825     
         111         113  0.95581619726875766     
         113         114  0.96934163458321532     
         113         115  0.97103122829893096     
         113         116   1.0057291993944690     
         116         117  0.96295451883724470     
         116         118  0.96322976432089236     
         116         119  0.93772876094215385     
         119         120   1.4704236316758796     
         119         121   1.4948884795239497     
         120         121  0.20538816983342395     
         111         122  0.98241745504390010     
         122         123   1.8946746556635807     
         124         125  0.94602985442802190     
         124         126   1.0354339002279351     
         126         127  0.92143605913525173     
         126         128  0.94085240294140349     
         128         129  0.96019060753189200     
         128         130  0.96935210741049316     
         128         131   1.0117304595218859     
         131         132   1.4099247502331353     
         132         133  0.96739284053297925     
         132         134   1.4507657063067820     
         134         135  0.97103016245517360     
         134         136   1.3674117831675527     
         136         137   1.0603309336982620     
         137         138  0.85900311538906937     
         132         139  0.10206378238984709     
         136         139   1.3629810901740373     
         139         140  0.96699976340936278     
         131         141   1.3937995609374005     
         134         141  0.10809749398105453     
         139         141   1.4570657763919579     
         141         142  0.96321432358438808     
         126         143  0.97876133377242658     
         143         144   1.8725549402291513     
         145         146  0.92731625726009570     
         145         147   1.0261554553615015     
         147         148  0.95335129491043624     
         147         149  0.92555955322017969     
         149         150  0.96297403820629435     
         149         151  0.96174151764792482     
         149         152   1.0137484584832559     
         152         153   1.2664224022683752     
         153         154   1.5246369192590998     
         154         155  0.96277199134305869     
         153         156  0.10450236618471606     
         154         156   1.2910623008664781     
         156         157  0.92151452317639992     
         152         158   1.5594982547040246     
         154         158  0.11480474593743789     
         156         158   1.2056898172146724     
         158         159  0.96817240872228461     
         147         160  0.98664591761279852     
         160         161   1.8891671624407558     
         162         163  0.94157929363621107     
         162         164   1.0256914970969782     
         164         165  0.94204348481892630     
         164         166  0.94026984338734554     
         166         167  0.96156307189646950     
         166         168   1.0058790736252030     
         168         169  0.97809722276537936     
         168         170  0.98499502959176211     
         168         171  0.98188622279079651     
         166         172  0.98720968245111651     
         172         173  0.97616695025211686     
         172         174  0.97026436572588814     
         172         175   1.0175258400325802     
         175         176  0.98158880099281509     
         175         177  0.98192505437010003     
         175         178  0.98522546169589764     
         164         179  0.94668514906535539     
         179         180   1.6005564821823683     
         179         181   1.3148585923885294     
         180         181  0.18812328817621032     
         181         182  0.89001228126281240     
         181         183  0.96984312091509506     
         183         184  0.95411531338215150     
         183         185  0.96380333242044469     
         185         186  0.95823418161071250     
         185         187   1.0053550561550746     
         187         188  0.98557146856135958     
         187         189  0.98096529202780847     
         187         190  0.98498762566958964     
         185         191  0.99414802498974142     
         191         192  0.97507377209107970     
         191         193  0.97574733164075655     
         191         194   1.0110677483505082     
         194         195  0.98295771794372722     
         194         196  0.98168521734078618     
         194         197  0.98833901243689226     
         183         198  0.97017432584501950     
         198         199   1.9052159456721485     
          60         200  0.93426603768568228     
          90         201  0.94107155162570266     
          92         202  0.95450659321469122     
         122         203  0.93281295180063095     
         124         204  0.94376202589304903     
         143         205  0.93393037909117105     
         145         206  0.93970371481444337     
         160         207  0.93794127556621198     
         162         208  0.93759614017093773     
         198         209  0.93611886340384554     
