    0.26378979
   -0.11738175
    0.03513595
    0.09151991
   -0.06788366
    0.02118012
   -0.03890839
   -0.03946210
   -0.03436302
   -0.02579991
   -0.02540220
   -0.28938441
   -0.49072332
    0.33399106
   -0.12235760
    0.01275655
   -0.46528401
   -0.02743568
   -0.19945201
   -0.03226082
    0.03450850
   -0.29313154
    1.18818072
   -0.09259925
   -0.02788093
   -0.03185038
    0.03257284
   -0.03780793
   -0.02625936
   -0.64510166
   -0.64591086
   -0.11800628
    0.22117702
    0.03455636
    0.04930709
    0.08864847
    0.09723852
    0.04013080
    0.06065398
    0.04251950
    0.03237876
    0.02229678
    0.06369738
    0.06935014
    0.05098028
    0.03928536
    0.06789922
    0.07918334
    0.08993021
    0.10250201
    0.08183744
    0.10130284
    0.05994313
    0.06127378
    0.08815955
    0.06816921
    0.04119587
    0.07883549
    0.08212630
   -0.33236587
    0.17784592
    0.03038045
    0.08376501
   -0.07227746
    0.07274185
    0.05920057
    0.01632985
   -0.03599939
    0.05111414
   -0.04177726
    0.05782270
   -0.04159231
    0.03628980
   -0.03800595
    0.02069146
   -0.03841521
    0.01255289
    0.27159565
   -0.52122480
   -0.15789016
    0.22018108
    0.04567705
    0.08441221
   -0.07914441
    0.05911033
    0.06605436
    0.35767623
   -0.63535344
   -0.63975205
    0.21286476
   -0.36276578
   -0.35064589
    0.19437340
    0.02426817
    0.07681471
   -0.05792671
    0.06645547
    0.04917624
   -0.09432939
    0.06864087
    0.07955397
    0.28323049
   -0.53428042
   -0.31058107
    0.23350709
    0.25849944
    0.26912018
   -0.51457145
   -0.17288329
    0.21547571
    0.03089553
    0.08123044
   -0.04382146
    0.03537632
    0.05089415
   -0.09222834
    0.05325848
    0.03823326
    0.36322253
   -0.65804025
   -0.64283343
    0.27495649
   -0.51380344
   -0.15157150
    0.20669544
    0.02517142
    0.07322226
   -0.02216883
    0.05874535
   -0.13110205
    0.07818008
    0.04165224
    0.05228233
   -0.11645330
    0.03763379
    0.03312702
    0.06271151
    0.27470153
   -0.51438702
   -0.16304750
    0.21643408
    0.03324613
    0.08705898
   -0.01962332
    0.06435621
   -0.12322214
    0.04781308
    0.06801850
    0.05619525
   -0.06201073
    0.03966150
    0.03324533
   -0.12430864
    0.06048904
    0.04579502
    0.05180596
    0.20129860
   -0.38761542
   -0.32899376
    0.18769586
    0.04478553
    0.09335056
   -0.07548513
    0.06924205
    0.08133701
    0.00642361
   -0.04477447
    0.04418728
   -0.07252600
    0.02855987
    0.14379309
   -0.45460088
    0.32458839
   -0.06316771
    0.05996960
   -0.04240980
    0.06114437
    0.20205491
   -0.38977255
   -0.30412119
    0.19819589
    0.04208645
    0.07635642
   -0.07122314
    0.06781606
    0.07354375
    0.05789802
   -0.30869440
    0.08301017
    0.03346648
   -0.09832983
    0.18473134
   -0.02490074
    0.05590266
    0.20938517
   -0.33375509
   -0.32565145
    0.21200431
    0.02047561
    0.06915541
   -0.02397303
    0.05858929
   -0.12090906
    0.04703612
    0.05529601
    0.04230588
   -0.05796065
    0.03651962
    0.03333954
   -0.10814674
    0.03826536
    0.03869851
    0.02781653
    0.27723682
   -0.49822460
   -0.17292377
    0.23974742
    0.02460815
    0.08074734
   -0.02404973
    0.05208387
   -0.12795516
    0.05776390
    0.06044796
    0.03543366
   -0.05642383
    0.02871737
    0.03277024
   -0.10827911
    0.03796276
    0.04498686
    0.04856544
    0.20809572
   -0.35265171
    0.21782786
    0.07290790
    0.17019568
    0.07713020
    0.19392689
    0.07489564
    0.19647109
    0.08636129
    0.21580968
    0.07760560
