    0.28589451
   -0.07405408
    0.09644819
    0.06345630
   -0.08368953
    0.02799205
   -0.03562552
   -0.03050012
   -0.02954776
   -0.02783311
   -0.03935465
   -0.24954879
   -0.42874724
    0.34906734
   -0.13819548
   -0.01575795
   -0.38517763
   -0.05312818
    0.02495551
   -0.06997777
    0.01935395
   -0.24928868
    1.15917811
   -0.09304917
   -0.02933165
   -0.03568142
    0.04344902
   -0.03945815
   -0.03133057
   -0.64127320
   -0.64021994
   -0.13774837
    0.27766383
    0.07856552
    0.07596544
    0.13267700
    0.16009800
    0.06446824
    0.05753784
    0.05014908
    0.05389398
    0.06326146
    0.08074149
    0.06222508
    0.07232966
    0.10747188
    0.09942497
    0.09142384
    0.11061375
    0.09955542
    0.11998321
    0.11506759
    0.06135864
    0.08263161
    0.08736363
    0.07272773
    0.07592063
    0.06310287
    0.07250162
