           1           2   1.1641783433717725     
           2           3   1.2624939384573008     
           3           5   1.0797158599066334     
           5           6  0.94731009562651836     
           6           7   1.3908461737113300     
           7           8   1.4387375329120533     
           6           9  0.10155629099990915     
           8           9   1.4317223970909541     
           7          10  0.10472897688120682     
           9          10   1.4253522956957025     
           6          11   1.4083713728617626     
           8          11  0.10777955548874221     
          10          11   1.4409700191957475     
           4          12  0.92908799970041278     
          12          13  0.18202802734147272     
           3          14   1.0323020068461959     
          12          14   1.1313035863877525     
          13          14   1.6684147437906205     
           4          15   1.0080438384981472     
           1          17   1.7339053625506726     
           2          17  0.12383153019714804     
          16          18  0.99762035153039652     
          18          19  0.99016619827060637     
          19          20  0.99745992092805191     
           1          21  0.93450362271768173     
          20          21  0.98396057514144919     
          16          22  0.98671660841313213     
          21          22  0.98777682621140195     
          22          23  0.87740218722385221     
          23          24  0.74303096134343261     
          24          25   1.4049324762485367     
          25          26   1.4454975048111238     
          26          27   1.3983291897584413     
          25          28  0.10380257592891494     
          27          28   1.3924985472295204     
          24          29   1.4019501461843524     
          26          29  0.10544185026891587     
          28          29   1.4456224633852468     
          23          30   1.5623782594421889     
          23          31   1.5332294239202722     
          30          31  0.10708540721282293     
          27          32   1.0341806666667517     
           2          33  0.85290104469778294     
           4          34  0.96326026110233409     
           4          35  0.95954184243388752     
           5          36  0.94478282902680855     
           5          37  0.87671873216000151     
           7          38  0.96451228415985946     
           8          39  0.96618410083603579     
           9          40  0.96757185089741871     
          10          41  0.96644684471649056     
          11          42  0.96498395581099450     
          15          43  0.98164927723472961     
          15          44  0.98779296261906502     
          15          45  0.98124545187244694     
          16          46  0.95208953272573704     
          16          47  0.95306117401960089     
          18          48  0.95463941326478663     
          18          49  0.96161603615925451     
          20          50  0.95292975731776974     
          20          51  0.95110657450922553     
          21          52  0.91325880984039542     
          25          53  0.96262766281728962     
          26          54  0.96192659915995726     
          28          55  0.96110269404182280     
          29          56  0.96363512906113824     
          32          57  0.95226817600077007     
          32          58  0.97566792062455798     
          32          59  0.97253966124351821     
