    0.28066162
   -0.06830262
    0.09110335
    0.06117772
   -0.07962970
    0.03425424
   -0.03510212
   -0.02589979
   -0.03092510
   -0.03356912
   -0.04267541
   -0.23163464
   -0.43341845
    0.35001117
   -0.13651214
   -0.00152854
   -0.40032804
   -0.05830260
    0.03905878
   -0.07183248
    0.02514725
   -0.25273451
    1.14529764
   -0.08490992
   -0.03790553
   -0.03496839
    0.04329847
   -0.03731975
   -0.02917916
   -0.64568691
   -0.65419390
   -0.13868591
    0.27766364
    0.09564824
    0.08076613
    0.12088897
    0.12515058
    0.07095278
    0.06137791
    0.05543815
    0.04432404
    0.06567230
    0.05748655
    0.07221956
    0.06893990
    0.06337990
    0.08637612
    0.12345258
    0.11106368
    0.13010195
    0.11838423
    0.12504798
    0.08606153
    0.08842323
    0.07766401
    0.06263815
    0.07158322
    0.08237670
    0.07215249
