           1           2   1.1299532778119383     
           2           3   1.3171416197329220     
           3           5   1.0634010256749913     
           5           6  0.94259389859749709     
           6           7   1.4105334466597079     
           7           8   1.4300790278135402     
           6           9  0.10012591208794874     
           8           9   1.4233274368574718     
           7          10  0.10764413114388845     
           9          10   1.4400398120766777     
           6          11   1.3982638437578991     
           8          11  0.10607827427955870     
          10          11   1.4262150938321496     
           4          12  0.93098532560228453     
          12          13  0.18500607432442795     
           3          14   1.0282694108634651     
          12          14   1.1540716620462681     
          13          14   1.6480201608687401     
           4          15   1.0025647741358275     
           1          17   1.7295793170308058     
           2          17  0.10356267018688708     
          16          18  0.99727856859620234     
          18          19  0.99893547232968449     
          19          20  0.99641810171943390     
           1          21  0.94722071051696421     
          20          21  0.98483770695156247     
          16          22  0.98179644348430239     
          21          22  0.99210252701334378     
          22          23  0.88358454821287336     
          23          24  0.73353984305152853     
          24          25   1.3955217047591337     
          25          26   1.4467509223239223     
          26          27   1.4009396595105954     
          25          28  0.10832282569263549     
          27          28   1.3944225829850343     
          24          29   1.4120195717941195     
          26          29  0.10139516142247412     
          28          29   1.4419678431907206     
          23          30   1.5499318834608169     
          23          31   1.5479647009835338     
          30          31  0.10266281450719177     
          27          32   1.0317256084266322     
           2          33  0.85561545189625010     
           4          34  0.95391857289918724     
           4          35  0.96861870620015311     
           5          36  0.93702135485135973     
           5          37  0.91851220852691129     
           7          38  0.96391188541396122     
           8          39  0.96623177773688917     
           9          40  0.96608728413310063     
          10          41  0.96691812228504037     
          11          42  0.95886355469384954     
          15          43  0.98548061811089194     
          15          44  0.97999154559813684     
          15          45  0.98367645363353817     
          16          46  0.96117510811177398     
          16          47  0.95846493835512003     
          18          48  0.94586103429215096     
          18          49  0.95481431703680197     
          20          50  0.94575188167850621     
          20          51  0.95438757574919708     
          21          52  0.90677111626052398     
          25          53  0.96163369876665383     
          26          54  0.96090424445113976     
          28          55  0.96373946829937573     
          29          56  0.96425149645491848     
          32          57  0.96760471389549463     
          32          58  0.95981878489293981     
          32          59  0.98024164712642314     
