    0.26217947
   -0.12992642
    0.02324097
    0.08086780
   -0.07021258
    0.01913079
   -0.03837538
   -0.03926546
   -0.03763218
   -0.03057574
   -0.03268835
   -0.27998919
   -0.50108351
    0.32942746
   -0.11502575
    0.01558290
   -0.44759304
   -0.02020018
   -0.17230850
   -0.03375553
    0.03262873
   -0.29753465
    1.14896609
   -0.08486401
   -0.02403812
   -0.03082585
    0.03927931
   -0.04106988
   -0.03411984
   -0.65580687
   -0.61937854
   -0.13303853
    0.23925316
    0.05445908
    0.07033098
    0.08318453
    0.09363949
    0.04397902
    0.06692883
    0.05328065
    0.03176605
    0.01369993
    0.03631315
    0.06504398
    0.06148504
    0.03646858
    0.06234479
    0.05795411
    0.08269089
    0.08310074
    0.10013441
    0.09051865
    0.06539138
    0.07613259
    0.07597498
    0.05710104
    0.08794312
    0.06381494
    0.07344727
   -0.34233073
    0.17569830
    0.03328353
    0.08137234
   -0.07462657
    0.07492443
    0.06087351
    0.00980133
   -0.04534075
    0.05436886
   -0.03972139
    0.04908597
   -0.04179307
    0.04349777
   -0.03305233
    0.02045307
   -0.03430455
    0.01486618
    0.26757371
   -0.52127422
   -0.16238058
    0.21280345
    0.05176578
    0.09391844
   -0.08117200
    0.04204134
    0.06317869
    0.36284391
   -0.64827522
   -0.63661131
    0.20994583
   -0.37080403
   -0.33237767
    0.18726444
    0.04641448
    0.07012521
   -0.07687906
    0.06453201
    0.08473640
    0.01176604
   -0.04377365
    0.04463691
   -0.03701399
    0.02982279
   -0.03681678
    0.02233155
   -0.03530305
    0.03300917
   -0.04292289
    0.04740174
    0.20661280
   -0.37616828
   -0.34391489
    0.18884670
    0.02700878
    0.09222548
   -0.06001151
    0.06452452
    0.04286358
   -0.09783280
    0.07418976
    0.07116614
    0.29240665
   -0.54763669
   -0.27991862
    0.23381111
    0.24406378
    0.26998704
   -0.51178783
   -0.17060735
    0.21833190
    0.02756900
    0.07763583
   -0.05016604
    0.04568143
    0.04830964
   -0.09662622
    0.05163387
    0.04036122
    0.36728737
   -0.64393008
   -0.64640852
    0.26809856
   -0.51491471
   -0.16073938
    0.20995465
    0.02571794
    0.06039889
   -0.02251373
    0.05179596
   -0.11025051
    0.03153608
    0.05600170
    0.03777176
   -0.12156811
    0.04354766
    0.04580812
    0.05707935
    0.27364988
   -0.49798011
   -0.15521796
    0.20665052
    0.02143379
    0.08139881
   -0.02962973
    0.07681278
   -0.12528038
    0.05972023
    0.02809461
    0.06119875
   -0.06297889
    0.03917548
    0.02642400
   -0.11828051
    0.05550988
    0.04270605
    0.04259682
    0.27699826
   -0.50337962
   -0.17719422
    0.23532860
    0.03329907
    0.09242761
   -0.08629854
    0.08272718
    0.08538830
   -0.07330453
    0.06910039
    0.05663768
   -0.02688662
    0.09001873
    0.09026897
   -0.13852480
    0.23009093
    0.23804252
   -0.26343715
    0.25613344
    0.26042841
   -0.28317253
    0.25681323
    0.26655731
    0.21395416
   -0.37613362
   -0.33713968
    0.18359286
    0.04042756
    0.09444582
   -0.06655093
    0.05993996
    0.05805672
    0.00453358
   -0.03864343
    0.04380642
   -0.07264081
    0.02048582
    0.13298533
   -0.43983965
    0.33527786
   -0.06293670
    0.05209795
   -0.04334086
    0.06431224
    0.20160516
   -0.38147460
   -0.30553518
    0.19412835
   -0.02487696
    0.08590082
    0.08966296
    0.27849186
   -0.50185828
   -0.16159722
    0.23447893
    0.03442288
    0.07575455
   -0.06766001
    0.07222010
    0.06684455
    0.04009428
   -0.32642804
    0.08078913
    0.05135734
   -0.09388067
    0.22975365
   -0.03925800
    0.06496063
    0.19951822
   -0.34110010
   -0.33967403
    0.18389714
    0.02051287
    0.07514958
   -0.01698758
    0.05461938
   -0.11897282
    0.06287368
    0.04639856
    0.05028349
   -0.06024471
    0.03582184
    0.03539682
   -0.10585537
    0.03819343
    0.03674039
    0.02287435
    0.26641888
   -0.51524097
   -0.15869782
    0.23376576
    0.02416526
    0.09290282
   -0.01932972
    0.06414798
   -0.12398710
    0.05334943
    0.05102918
    0.04161372
   -0.05883574
    0.03787793
    0.04364701
   -0.10716405
    0.02952454
    0.03616009
    0.02882420
    0.20581221
   -0.36465370
    0.21248694
    0.06243560
    0.20388677
    0.05559205
    0.17869076
    0.07021193
    0.20780624
    0.08696315
    0.20667467
    0.08418831
    0.20028346
    0.07817942
