    0.28017390
   -0.07614543
    0.08790499
    0.06567401
   -0.07794429
    0.03429608
   -0.03507882
   -0.02844485
   -0.02380550
   -0.03276033
   -0.03929564
   -0.23782741
   -0.42352219
    0.35066687
   -0.13336657
   -0.00091666
   -0.41748016
   -0.06308411
    0.06109476
   -0.07382834
    0.02437376
   -0.26017867
    1.15314708
   -0.09396354
   -0.02824389
   -0.03310958
    0.04674021
   -0.03765152
   -0.03780711
   -0.64361985
   -0.63959175
   -0.13668928
    0.28150341
    0.07905424
    0.08422244
    0.11591974
    0.11385169
    0.05117830
    0.06231875
    0.05700878
    0.06599743
    0.06873406
    0.06866483
    0.06255070
    0.06884833
    0.05544220
    0.08624418
    0.12141647
    0.11675349
    0.13924930
    0.13062068
    0.12081136
    0.07610253
    0.08935376
    0.07674731
    0.05742236
    0.06754158
    0.08655232
    0.06617361
