           1           2   1.1364397303671818     
           2           3   1.3031917917222382     
           3           5   1.0577825267707754     
           5           6  0.92461158538799582     
           6           7   1.4059363744111424     
           7           8   1.4324412393339758     
           8           9   1.4307743901685794     
           7          10  0.10798010171230468     
           9          10   1.4306185933597340     
           6          11   1.3928176915806842     
           8          11  0.10981058092862389     
          10          11   1.4359447239527687     
           4          12  0.92247063551126640     
          12          13  0.17709586948692649     
           3          14   1.0313753598830591     
          12          14   1.1476973866427029     
          13          14   1.6580037304664585     
           4          15   1.0124940052167108     
           1          17   1.7292151196089878     
           2          17  0.10879824064629501     
          16          18  0.99676702560531538     
          18          19  0.99750444118031112     
          19          20  0.99996362587112364     
           1          21  0.93535597980759311     
          20          21  0.98869241180415035     
          16          22  0.98357760374009007     
          21          22  0.98675236236119468     
          22          23  0.88333853210396218     
          23          24  0.73857021825525326     
          24          25   1.3901229630176608     
          25          26   1.4615264656077129     
          26          27   1.3821453681323828     
          25          28  0.10397442719191756     
          27          28   1.4091333614400747     
          24          29   1.4172066272263939     
          26          29  0.10407239363632667     
          28          29   1.4319047094725561     
          23          30   1.5490854521396291     
          23          31   1.5547289305264733     
          30          31  0.10479253262887059     
          27          32   1.0371430876123635     
           2          33  0.84018863558685508     
           4          34  0.96469918384714837     
           4          35  0.96233118780752336     
           5          36  0.94728654342395602     
           5          37  0.93548744929732697     
           7          38  0.96495712912727039     
           8          39  0.96709045170720898     
           9          40  0.96618781658046471     
          10          41  0.96564581513163095     
          11          42  0.96380546284449320     
          15          43  0.98092451115679902     
          15          44  0.98565622789641893     
          15          45  0.98366820885090589     
          16          46  0.95862567659689502     
          16          47  0.95475827360183052     
          18          48  0.94409971553999705     
          18          49  0.95847533780819272     
          20          50  0.94476519899911326     
          20          51  0.95377000573899584     
          21          52  0.91322043839550382     
          25          53  0.96347815565453454     
          26          54  0.96149813485990387     
          28          55  0.96335790594738469     
          29          56  0.96565135443320815     
          32          57  0.97806533403150953     
          32          58  0.94989159504744447     
          32          59  0.97296777620854746     
