           1           2  0.95807751733853208     
           1           3   1.0235062179513583     
           3           4  0.94509568094432506     
           3           5  0.93918996980861102     
           5           6  0.95590425343498375     
           5           7  0.96501975978633847     
           5           8   1.0125207997735601     
           8           9   1.4101023183442434     
           9          10  0.96954081363112010     
           9          11   1.4406405067277546     
          11          12  0.97136071062046447     
           8          13  0.10819729237108482     
          11          13   1.4389418044436073     
          13          14  0.97200925622927636     
           9          15  0.11206560790635363     
          13          15   1.4336848054214193     
          15          16  0.97111470489476637     
           8          17   1.4115742894730607     
          11          17  0.11088304843578811     
          15          17   1.4449553694300099     
          17          18  0.97012861541949202     
           3          19  0.98437459650231351     
          19          20   1.8849503697354533     
          21          22  0.96069885476788197     
          21          23   1.0278249763941547     
          23          24  0.93502850473729104     
          23          25  0.97886708172839498     
          25          26  0.97085387225198438     
          25          27  0.97254040578512280     
          25          28  0.99227815575002509     
          28          29  0.95699626178053643     
          28          30  0.97047299228105677     
          28          31  0.96956746674323280     
          31          32   1.6196242015440148     
          31          33   1.3246143238174586     
          32          33  0.19505997540496034     
          33          34  0.92058810298239302     
          33          35  0.91698920222609481     
          23          36  0.94033257039355345     
          36          37   1.6008762781704904     
          36          38   1.2899014297826477     
          37          38  0.18822264535459968     
          38          39  0.91210811463328001     
          38          40  0.98260855776989353     
          40          41  0.93047058634996072     
          40          42  0.98290188623078345     
          42          43  0.97349484024629462     
          42          44  0.97234755502466663     
          42          45   1.0094698106525974     
          45          46  0.96633179381815482     
          45          47  0.96007809483004924     
          45          48  0.93496810878183290     
          48          49   1.4880108019479836     
          48          50   1.4848170625530082     
          49          50  0.21376771637396008     
          40          51  0.94785231407206705     
          51          52   1.6128661844082803     
          51          53   1.3070621759692289     
          52          53  0.19359990242914782     
          53          54  0.90753100526290964     
          53          55  0.98081434029689363     
          55          56  0.94182384878299308     
          55          57  0.95786843445659309     
          57          58  0.96129732542881641     
          57          59   1.0091465763166334     
          59          60  0.98159364457027987     
          59          61  0.98361089662376544     
          59          62  0.98328972821245064     
          57          63   1.0069724641103728     
          63          64  0.98404849184354348     
          63          65  0.98547015416182537     
          63          66  0.98495187437848164     
          55          67  0.94840890972174097     
          67          68   1.6120154629818366     
          67          69   1.3140163049919524     
          68          69  0.19121121030185209     
          69          70  0.91088649683231981     
          69          71  0.98588438087733909     
          71          72  0.93672540991681918     
          71          73  0.94024547635530531     
          73          74  0.95936809658480915     
          73          75  0.99472895626377433     
          75          76  0.98397364564810430     
          75          77  0.98172993122582797     
          75          78  0.98450810908804209     
          73          79  0.99779702290570582     
          79          80  0.97567470996668282     
          79          81  0.96834129818701320     
          79          82   1.0138602407002439     
          82          83  0.98497187059866564     
          82          84  0.98563697809082962     
          82          85  0.98196634864338483     
          71          86  0.98648025897452718     
          86          87   1.8801396200676013     
          88          89  0.95892739191130716     
          88          90   1.0302825074895507     
          90          91  0.91616001081148535     
          90          92  0.94532844533363092     
          92          93  0.96001795087623443     
          92          94  0.97366466692509390     
          92          95   1.0110001318634187     
          95          96   1.3977739686439794     
          96          97  0.96695277887047437     
          96          98   1.4632514557194112     
          98          99  0.96657374699079013     
          98         100   1.3531305630978030     
         100         101   1.0639170166943828     
         101         102  0.85123261907040826     
          96         103  0.10489242336630138     
         100         103   1.3844751908214481     
         103         104  0.96804353644990271     
          95         105   1.4154953047476333     
          98         105  0.10921563114342235     
         103         105   1.4355434507549938     
         105         106  0.96671028001056825     
          90         107  0.99271340205809167     
         107         108   1.8665410376534859     
         109         110  0.93869935731718512     
         109         111   1.0192096626359088     
         111         112  0.95971907262079370     
         111         113  0.93740395372933549     
         113         114  0.96578699019564584     
         113         115  0.96031325184682548     
         113         116   1.0102860596096785     
         116         117   1.2616108242453936     
         117         118   1.5268307814456252     
         118         119  0.96337901157418293     
         117         120  0.10926909578117584     
         118         120   1.3022747730061242     
         120         121  0.91954635078374569     
         116         122   1.5734828469211595     
         118         122  0.11468308531400288     
         120         122   1.1876556230862667     
         122         123  0.96545665195510211     
         111         124  0.98200669962254750     
         124         125   1.8833173747739407     
         126         127  0.95134147963920757     
         126         128   1.0143612896638863     
         128         129  0.95643073798551503     
         128         130  0.95231573716480256     
         130         131  0.96337258767669853     
         130         132   1.0032346520975473     
         132         133  0.98396256455319842     
         132         134  0.97650934302277048     
         132         135  0.98076560272634605     
         130         136  0.99394617952172060     
         136         137  0.97670223233305853     
         136         138  0.97005749342426273     
         136         139   1.0185820857773049     
         139         140  0.98349503221379864     
         139         141  0.98663625351410966     
         139         142  0.97898785417043188     
         128         143  0.95281822387623150     
         143         144   1.6068395418210013     
         143         145   1.3060754455648542     
         144         145  0.19151718355180475     
         145         146  0.90043017329479658     
         145         147  0.97583613626792554     
         147         148  0.95616086078939533     
         147         149  0.95769095498444146     
         149         150  0.95125393203215236     
         149         151   1.0060875552737421     
         151         152  0.97961006109507509     
         151         153  0.98198561277731211     
         151         154  0.98349919356034987     
         149         155  0.98926787547759432     
         155         156  0.97567820177005815     
         155         157  0.97802615816793503     
         155         158   1.0131477818682963     
         158         159  0.98119852608979985     
         158         160  0.98728047342325409     
         158         161  0.98804362207209184     
         147         162  0.96861282871686716     
         162         163   1.8865506092885644     
           1         164  0.94998312466840884     
          19         165  0.93476972725239982     
          21         166  0.95378020323891399     
          86         167  0.93537362185151163     
          88         168  0.95560789033598903     
         107         169  0.93422113593204548     
         109         170  0.95015466235717194     
         124         171  0.94098711175079652     
         126         172  0.95508247961768900     
         162         173  0.93763524961444755     
