           1           2   1.1357342137393023     
           2           3   1.2955236879641365     
           3           5   1.0651553381686649     
           5           6  0.92070818552194600     
           6           7   1.3805594341629075     
           7           8   1.4516386274874613     
           8           9   1.4145711325491981     
           7          10  0.10313225139586651     
           9          10   1.4377256528795765     
           6          11   1.4138218345416387     
           8          11  0.10903274073447856     
          10          11   1.4201676984900755     
           4          12  0.92553617342815664     
          12          13  0.18901587102509151     
           3          14   1.0254330050959373     
          12          14   1.1461225025286064     
          13          14   1.6615983064096773     
           4          15   1.0106432429987862     
           1          17   1.7339581303164437     
           2          17  0.10735768053428191     
          16          18  0.99905543743533953     
          18          19  0.99280786275746258     
          19          20  0.99611451824413844     
           1          21  0.93121020103010743     
          20          21  0.98829341586379205     
          16          22  0.97864385370573059     
          21          22  0.99101859803104941     
          22          23  0.86592479327663552     
          23          24  0.73007805067172971     
          24          25   1.4083996185808509     
          25          26   1.4413705196922844     
          26          27   1.4012256779920116     
          25          28  0.10237120526991987     
          27          28   1.3929437549365655     
          24          29   1.3946866421832325     
          26          29  0.10416808147538782     
          28          29   1.4521877940744030     
          23          30   1.5392293306298830     
          23          31   1.5737328283370005     
          27          32   1.0280362136661798     
           2          33  0.87230529533734880     
           4          34  0.95507377687485084     
           4          35  0.96616175606029153     
           5          36  0.94947823646625928     
           5          37  0.92581732277674078     
           7          38  0.95687401848811771     
           8          39  0.96534618181233500     
           9          40  0.96198804032494445     
          10          41  0.96356037303231745     
          11          42  0.96616018731339526     
          15          43  0.98440296361280277     
          15          44  0.97935319295042600     
          15          45  0.97822915493797657     
          16          46  0.96540175268483297     
          16          47  0.96024739067645837     
          18          48  0.95497615375081080     
          18          49  0.95969776673891360     
          20          50  0.94388063093906149     
          20          51  0.94878782923096516     
          21          52  0.90303061419067487     
          25          53  0.96244954880905587     
          26          54  0.96097176664682871     
          28          55  0.96165181959129276     
          29          56  0.96381440620278303     
          32          57  0.95269206037148135     
          32          58  0.97737586269849319     
          32          59  0.97733533135967543     
