           1           2   1.1286507451479078     
           2           3   1.3119543635874233     
           3           5   1.0742098942202549     
           5           6  0.92054383791150463     
           6           7   1.4130347999108546     
           7           8   1.4258408217524978     
           6           9  0.10451528199815524     
           8           9   1.4294552084186580     
           7          10  0.10226743713888567     
           9          10   1.4358622499956963     
           6          11   1.4026719487826358     
           8          11  0.11050792382104162     
          10          11   1.4325870157565979     
           4          12  0.92364268848465469     
          12          13  0.18335485646030725     
           3          14   1.0246383178202292     
          12          14   1.1327144972629912     
          13          14   1.6835167310254604     
           4          15   1.0125726914552653     
           1          17   1.7438035870886217     
           2          17  0.10409499154894286     
          16          18   1.0012772392689353     
          18          19  0.99284033203981992     
          19          20  0.99702919003454771     
           1          21  0.94385265238541660     
          20          21  0.98568765208381381     
          16          22  0.98200859244437266     
          21          22  0.98184973246900253     
          22          23  0.87615470520013261     
          23          24  0.72826491222189527     
          24          25   1.3943771016424282     
          25          26   1.4526859904605571     
          26          27   1.3869538603131568     
          25          28  0.10467229568997151     
          27          28   1.4126734571073065     
          24          29   1.4155547806861515     
          26          29  0.10740702027509244     
          28          29   1.4293467295472240     
          23          30   1.5371940839272011     
          23          31   1.5637723651157138     
          30          31  0.10461139791979893     
          27          32   1.0326155310855152     
           2          33  0.85623330747358728     
           4          34  0.96239068719550847     
           4          35  0.96211195690581774     
           5          36  0.91408346120225792     
           5          37  0.94534171247562238     
           7          38  0.96752101951554548     
           8          39  0.96655123812003585     
           9          40  0.96468220226624224     
          10          41  0.96582109431185603     
          11          42  0.96495114339445354     
          15          43  0.98073447832076877     
          15          44  0.98581231252636248     
          15          45  0.97811212418974924     
          16          46  0.96187992185822246     
          16          47  0.95642085309202873     
          18          48  0.95125901470617935     
          18          49  0.95969527971038870     
          20          50  0.95000199554968856     
          20          51  0.95644491187779601     
          21          52  0.92203380620565878     
          25          53  0.95915761130013166     
          26          54  0.95967657618060243     
          28          55  0.96465994590377113     
          29          56  0.96551765513488674     
          32          57  0.97951967650018501     
          32          58  0.97235005278417885     
          32          59  0.95529516021593408     
