    0.28455154
   -0.07457316
    0.09383983
    0.06385067
   -0.08117517
    0.03619360
   -0.03640190
   -0.02898846
   -0.02702630
   -0.02725951
   -0.04517246
   -0.24132301
   -0.43269871
    0.35112790
   -0.13106613
   -0.00012348
   -0.40455857
   -0.05388686
    0.04478218
   -0.06934797
    0.01712060
   -0.25207660
    1.14151677
   -0.08565076
   -0.03220207
   -0.03692636
    0.03860809
   -0.03576472
   -0.02560227
   -0.65319270
   -0.64635249
   -0.13878653
    0.27441088
    0.08454408
    0.07372476
    0.13309219
    0.12668161
    0.06104679
    0.06347880
    0.06183226
    0.06729480
    0.05547827
    0.06980768
    0.07158205
    0.06301647
    0.05891356
    0.08657718
    0.11640184
    0.11003240
    0.13029751
    0.12836473
    0.12953726
    0.07051980
    0.09745885
    0.08429608
    0.05536591
    0.07922740
    0.06508611
    0.07049575
