           1           2   1.1384259189494181     
           2           3   1.2859491198588038     
           3           5   1.0773368071211036     
           5           6  0.93000456620711569     
           6           7   1.3911500119377580     
           7           8   1.4397380709628844     
           8           9   1.4170573857947224     
           7          10  0.10150695963835424     
           9          10   1.4291650026829774     
           6          11   1.3931853049937193     
           8          11  0.10659405571517383     
          10          11   1.4329068595933685     
           4          12  0.93308223649189481     
          12          13  0.18609862391630760     
           3          14   1.0354134020183445     
          12          14   1.1414379349744059     
          13          14   1.6556178418949317     
           4          15  0.99760884859605126     
           1          17   1.7383811072628343     
           2          17  0.11706042811512135     
          16          18  0.99814179132745451     
          18          19  0.98978033645639951     
          19          20  0.99817135652906597     
           1          21  0.94300540133871291     
          20          21  0.98539821614589584     
          16          22  0.99137470993664256     
          21          22  0.97020258297733308     
          22          23  0.88842090108161553     
          23          24  0.72972346260026488     
          24          25   1.4062976955598272     
          25          26   1.4480022231205265     
          26          27   1.3925024863610447     
          25          28  0.10384933802591832     
          27          28   1.4009751941876205     
          24          29   1.4088464321050349     
          26          29  0.10657187000065191     
          28          29   1.4389666592761345     
          23          30   1.5525161905535760     
          23          31   1.5594968848274271     
          27          32   1.0307097195763664     
           2          33  0.85664788634352695     
           4          34  0.96594839720060777     
           4          35  0.96524994074956361     
           5          36  0.91893819037252911     
           5          37  0.92378153164910437     
           7          38  0.96529531507959765     
           8          39  0.96684428468528039     
           9          40  0.96519450169567789     
          10          41  0.96369507752458206     
          11          42  0.96573203555624654     
          15          43  0.97780867653677639     
          15          44  0.98369797248652324     
          15          45  0.98493572531287432     
          16          46  0.96069086262024994     
          16          47  0.95361668092399521     
          18          48  0.95161748801644319     
          18          49  0.96146179888493899     
          20          50  0.94592888963232491     
          20          51  0.95562352493488212     
          21          52  0.92199510373595583     
          25          53  0.96035742310842731     
          26          54  0.95922368975505168     
          28          55  0.96210410783423084     
          29          56  0.96550599882596688     
          32          57  0.95277724411639575     
          32          58  0.98007713119706319     
          32          59  0.97392780931692646     
