   -0.37717015
    0.15771389
    0.03178835
    0.06438696
   -0.07481753
    0.06524466
    0.04649703
    0.00837583
   -0.04775153
    0.06202206
   -0.03989885
    0.05040315
   -0.04070012
    0.03042035
   -0.03335252
    0.01520156
   -0.03516153
    0.01786921
    0.27132145
   -0.52956476
   -0.17092730
    0.21390045
    0.04677713
    0.08015339
   -0.07957379
    0.04328919
    0.05734081
    0.35996453
   -0.65813538
   -0.66104255
    0.20863983
   -0.37396461
   -0.37147940
    0.18059042
    0.02601166
    0.06719741
   -0.06162487
    0.05994565
    0.05309885
   -0.09047344
    0.05999214
    0.06617777
    0.28583414
   -0.54152139
   -0.30203092
    0.24300703
    0.25059191
    0.26665217
   -0.52411486
   -0.17320093
    0.22169031
    0.03282399
    0.09047917
   -0.05690165
    0.04569304
    0.06182619
   -0.09223924
    0.04491176
    0.03469343
    0.36529435
   -0.67235673
   -0.65721994
    0.20191666
   -0.38070285
   -0.37660791
    0.16415951
    0.04281406
    0.08019453
   -0.07252598
    0.07481300
    0.05884056
    0.00946896
   -0.04410317
    0.04680037
   -0.06280500
    0.04353938
    0.14081870
   -0.46424142
    0.35513471
   -0.07230967
    0.03661747
   -0.04069520
    0.05405155
    0.19614898
   -0.40550384
   -0.36406495
    0.17278961
    0.04840436
    0.04931161
   -0.07199028
    0.05042589
    0.06018321
    0.04535642
   -0.32708734
    0.08089524
    0.05095717
   -0.10427448
    0.22192029
   -0.03380296
    0.05788696
    0.21083839
   -0.37000106
   -0.36622315
    0.16085485
    0.03161027
    0.06661707
   -0.02632932
    0.04686329
   -0.10663047
    0.06143482
    0.01896742
    0.03696731
   -0.05474206
    0.01267737
    0.02940848
   -0.09777499
    0.02695273
    0.03310663
    0.03273765
    0.27194112
   -0.53262410
   -0.15626611
    0.23216876
    0.03426607
    0.07305537
   -0.01843400
    0.06233301
   -0.11662605
    0.04016783
    0.05922563
    0.04253994
   -0.05117185
    0.01796446
    0.03268061
   -0.10265263
    0.02555721
    0.04587269
    0.03550213
    0.20057879
   -0.35717015
    0.20239577
    0.06345030
    0.15612344
    0.09064378
    0.17657736
    0.06575137
    0.18245494
    0.06614067
    0.18234196
    0.08254506
