           1           2  0.94506811949124003     
           1           3   1.0308480825190354     
           3           4  0.94845125422054122     
           3           5  0.94192365740562756     
           5           6  0.96312447998028761     
           5           7  0.96656479667653583     
           5           8   1.0104218789211294     
           8           9   1.4072925170372197     
           9          10  0.96594156406398535     
           9          11   1.4428438882590904     
          11          12  0.97027288401060718     
           8          13  0.10488448572845334     
          11          13   1.4317231377192785     
          13          14  0.97199352317317889     
           9          15  0.11189915536739879     
          13          15   1.4437219143949829     
          15          16  0.97164282097000165     
           8          17   1.4184815676092259     
          11          17  0.11372065460313886     
          15          17   1.4325528548693536     
          17          18  0.96913685771913372     
           3          19  0.95201269756772322     
          19          20   1.6112790523022058     
          19          21   1.2894896198691810     
          20          21  0.18419160594688683     
          21          22  0.90592966844851575     
          21          23  0.97935983653293346     
          23          24  0.95202839886576462     
          23          25  0.95448603832004297     
          25          26  0.97300559164731093     
          25          27  0.95225882638791437     
          25          28  0.93850192474166394     
          28          29   1.4854952909886403     
          28          30   1.4865324776178075     
          29          30  0.21199083956303647     
          23          31  0.98765229468824756     
          31          32   1.8749016838295576     
          33          34  0.95639235049730165     
          33          35   1.0184376613474686     
          35          36  0.94148719328445241     
          35          37  0.97812426068013036     
          37          38  0.97408901177707663     
          37          39  0.97210306713930428     
          37          40   1.0028909275492195     
          40          41  0.95047552595689211     
          40          42  0.97115255473860751     
          40          43  0.96663101640768123     
          43          44   1.6191272873484879     
          43          45   1.3221352285483969     
          44          45  0.19343415256076565     
          45          46  0.92035004161717027     
          45          47  0.91389668017703163     
          35          48  0.94624807221291152     
          48          49   1.6210664044254868     
          48          50   1.2935158853113309     
          49          50  0.19178445718677117     
          50          51  0.91413560200292476     
          50          52  0.98082410033885159     
          52          53  0.94546387406270405     
          52          54  0.95662131747171231     
          54          55  0.97010363459880300     
          54          56  0.97155611366030958     
          54          57   1.0057780783932744     
          57          58  0.96440085584997093     
          57          59  0.96448611812418072     
          57          60  0.93930688793969230     
          60          61   1.4746058562220428     
          60          62   1.4946693142592558     
          61          62  0.21142451434561432     
          52          63  0.98241113128708490     
          63          64   1.8767028823673950     
          65          66  0.95508659785158001     
          65          67   1.0314447372028779     
          67          68  0.92622191464585857     
          67          69  0.94354745756211178     
          69          70  0.96336520323666874     
          69          71  0.97095173765520193     
          69          72   1.0110942311094480     
          72          73   1.4120996851928105     
          73          74  0.96762091889377155     
          73          75   1.4501661590636985     
          75          76  0.97039194394484041     
          75          77   1.3684767413501779     
          77          78   1.0601665868155474     
          78          79  0.85159791342164382     
          73          80  0.10277177990452727     
          77          80   1.3647749262099538     
          80          81  0.96777768586071367     
          72          82   1.3957318957157994     
          75          82  0.10854224633750519     
          80          82   1.4557485514127699     
          82          83  0.96436319090270917     
          67          84  0.98649216080588131     
          84          85   1.8642478475152975     
          86          87  0.93972229478217584     
          86          88   1.0201984375219311     
          88          89  0.95951841748202482     
          88          90  0.93301301691622807     
          90          91  0.96525936556816305     
          90          92  0.96269896915993525     
          90          93   1.0127164931893322     
          93          94   1.2670318708222883     
          94          95   1.5257269374179494     
          95          96  0.96389694153488092     
          94          97  0.10567700444588521     
          95          97   1.2932814097823615     
          97          98  0.92153056817330292     
          93          99   1.5659962177424727     
          95          99  0.11863574043113494     
          97          99   1.1988645484355418     
          99         100  0.96817309267975993     
          88         101  0.98798524734797555     
         101         102   1.8798514246706377     
         103         104  0.95246845544614711     
         103         105   1.0179437703300753     
         105         106  0.94921377203960078     
         105         107  0.95698322738535180     
         107         108  0.96299306906397919     
         107         109   1.0057226279751250     
         109         110  0.97897693183921874     
         109         111  0.98538456725363011     
         109         112  0.98430355228558264     
         107         113  0.98964665416693609     
         113         114  0.97652016458948232     
         113         115  0.97728305396432891     
         113         116   1.0169142413489507     
         116         117  0.98440756270113561     
         116         118  0.98256931231679068     
         116         119  0.98572418110131699     
         105         120  0.95128261782350121     
         120         121   1.5983101695550361     
         120         122   1.3110906577588208     
         121         122  0.18634828708808351     
         122         123  0.89194544473189818     
         122         124  0.96925948504572135     
         124         125  0.95517073207806324     
         124         126  0.96393829041398038     
         126         127  0.95852760763835820     
         126         128   1.0056175522329676     
         128         129  0.98591412827671043     
         128         130  0.98114222907505533     
         128         131  0.98521498358425230     
         126         132  0.99438332232376803     
         132         133  0.97535380457507304     
         132         134  0.97627209619883071     
         132         135   1.0114849353856381     
         135         136  0.98782080576497933     
         135         137  0.98328997973406229     
         135         138  0.98852378218192394     
         124         139  0.97040715075837158     
         139         140   1.8972027179236137     
           1         141  0.94242814201662117     
          31         142  0.94159569562070855     
          33         143  0.95996390590153724     
          63         144  0.93380803797526601     
          65         145  0.95324062366045448     
          84         146  0.93661176713989569     
          86         147  0.95059807642294913     
         101         148  0.93975440911798536     
         103         149  0.95078231735540197     
         139         150  0.93635983676854762     
