           1           2  0.95615844755292934     
           1           3   1.0261601384165080     
           3           4  0.94557497485791853     
           3           5  0.93386782867627605     
           5           6  0.96583881890994272     
           5           7  0.95485860221265173     
           5           8   1.0102079678216414     
           8           9   1.4064130316467418     
           9          10  0.96853629760140847     
           9          11   1.4491237504174879     
          11          12  0.97075356859401274     
           8          13  0.11029359362527702     
          11          13   1.4311616075966722     
          13          14  0.97182854413306863     
           9          15  0.10845135121893963     
          13          15   1.4363347370900448     
          15          16  0.97213427263723673     
           8          17   1.4125389227474170     
          11          17  0.11085828256185740     
          15          17   1.4435516120266143     
          17          18  0.96671554475027066     
           3          19  0.98417699791146374     
          19          20   1.8752535660664120     
          21          22  0.95941559025019130     
          21          23   1.0212267629034508     
          23          24  0.95440623278107151     
          23          25  0.93941412095653332     
          25          26  0.96659971239302966     
          25          27  0.96389964004827910     
          25          28   1.0070903090596910     
          28          29   1.4012609958724163     
          29          30  0.97014640148103137     
          29          31   1.4530175554611291     
          31          32  0.97263494703076558     
          28          33  0.10740867129195930     
          31          33   1.4259268689592288     
          33          34  0.97101543432875259     
          29          35  0.11210328514005022     
          33          35   1.4498775477262356     
          35          36  0.97135154800177170     
          28          37   1.4242221367597843     
          31          37  0.11230684124545061     
          35          37   1.4293165543933211     
          37          38  0.96916924773310564     
          23          39  0.98053133023740313     
          39          40   1.8973025024402137     
          41          42  0.95188410488181208     
          41          43   1.0253485378497960     
          43          44  0.93503273755398242     
          43          45  0.94650314602256813     
          45          46  0.96740598855244886     
          45          47  0.97043713508768481     
          45          48   1.0043250113493551     
          48          49   1.4090280313675865     
          49          50  0.96731469731050645     
          49          51   1.4504709313854593     
          51          52  0.96913253998883864     
          51          53   1.3634707440236389     
          53          54   1.0693714778041112     
          54          55  0.83780776753079889     
          49          56  0.10746885640796155     
          53          56   1.3744679822296919     
          56          57  0.96693130321333576     
          48          58   1.4108886923381614     
          51          58  0.10899970027066233     
          56          58   1.4427132462847592     
          58          59  0.96477104517092660     
          43          60  0.98446935956135473     
          60          61   1.8682618898181396     
          62          63  0.92618810478398927     
          62          64   1.0180346143162649     
          64          65  0.95678398930427866     
          64          66  0.93631108211235203     
          66          67  0.96551173704712090     
          66          68  0.96303484680783813     
          66          69   1.0091022389351780     
          69          70   1.2627706398959790     
          70          71   1.5226311535368515     
          71          72  0.96326829670105896     
          70          73  0.11025044817602193     
          71          73   1.3018236909907206     
          73          74  0.91886071448110407     
          69          75   1.5712667540290830     
          71          75  0.11373686811184629     
          73          75   1.1930421129055271     
          75          76  0.96902955531895041     
          64          77  0.98818981422439811     
          77          78   1.8800592015093862     
          79          80  0.95661700484282486     
          79          81   1.0164509163736895     
          81          82  0.95668121008852114     
          81          83  0.95046746141424310     
          83          84  0.96570167275117891     
          83          85   1.0093670085004574     
          85          86  0.97879837020401395     
          85          87  0.97924556628317738     
          85          88  0.97717452727188125     
          83          89  0.99421196106359333     
          89          90  0.97406370844561962     
          89          91  0.97444302249240466     
          89          92   1.0157605482467780     
          92          93  0.98776478205835649     
          92          94  0.98379274122316984     
          92          95  0.97570013327430294     
          81          96  0.95403337128983601     
          96          97   1.6107376127894291     
          96          98   1.2978259148619258     
          97          98  0.18977849793911919     
          98          99  0.91091578818277541     
          98         100  0.97418757273058931     
         100         101  0.95293979028481557     
         100         102  0.94771385800547703     
         102         103  0.96080663330733296     
         102         104  0.99993749432322510     
         104         105  0.98782948991703656     
         104         106  0.97457923352885889     
         104         107  0.98433787075067802     
         102         108  0.99173173814977733     
         108         109  0.97167514853192316     
         108         110  0.97327678737157386     
         108         111   1.0190818879901151     
         111         112  0.98155887548034859     
         111         113  0.97895441503324898     
         111         114  0.98029327035766656     
         100         115  0.97324487375249347     
         115         116   1.8871613775010885     
           1         117  0.95669698394477443     
          19         118  0.93809163792704109     
          21         119  0.95362762158942194     
          39         120  0.93711987982809208     
          41         121  0.95910268230482676     
          60         122  0.93614517419050580     
          62         123  0.96058622564649110     
          77         124  0.94024547446748863     
          79         125  0.95209079048347101     
         115         126  0.93690073112609007     
