           1           2   1.1724495410093900     
           2           3   1.1950656305708598     
           3           5   1.0318466190661637     
           5           6  0.96077108985541237     
           6           7   1.4180829173946219     
           7           8   1.4379340976632244     
           6           9  0.10955785743922994     
           8           9   1.4346724871597158     
           7          10  0.10755363696198433     
           9          10   1.4396407462843666     
           6          11   1.4082995435304222     
           8          11  0.11542152007935698     
          10          11   1.4424274259350403     
           4          12  0.93494869606144904     
          12          13  0.14454104394267436     
           3          14   1.0926468924623680     
          12          14   1.0829324696225859     
          13          14   1.6175611072755509     
           4          15   1.0113812854721944     
           1          17   1.6711668850929291     
           2          17  0.13310256362285497     
          16          18   1.0058126381251706     
          18          19  0.98912498266951077     
          19          20  0.99210054811312720     
           1          21  0.94551696787479966     
          20          21  0.99153546668300063     
          16          22  0.98429858304842210     
          21          22  0.97672971785604668     
          22          23  0.87997547750656724     
          23          24  0.72411328030095456     
          24          25   1.3950438247400980     
          25          26   1.4545567686014103     
          26          27   1.3859682631504728     
          25          28  0.10459497842162888     
          27          28   1.4163919988722866     
          24          29   1.4175808863223018     
          26          29  0.10821608770233357     
          28          29   1.4281551810574147     
          23          30   1.5293522376351651     
          23          31   1.5645716856655549     
          30          31  0.10430910621554962     
          27          32   1.0322178903411230     
           2          33  0.87813269943505468     
           4          34  0.97256693224960800     
           4          35  0.96850266892349035     
           5          36  0.94083969167430914     
           5          37  0.95721011734771599     
           7          38  0.96948451098785149     
           8          39  0.96831827585179542     
           9          40  0.96923673659708864     
          10          41  0.97000412691041693     
          11          42  0.96880129936699788     
          15          43  0.98238040392950499     
          15          44  0.98582919239567390     
          15          45  0.98297134296480504     
          16          46  0.96800394245475685     
          16          47  0.96085746381140902     
          18          48  0.96843887846345733     
          18          49  0.96668951006258064     
          20          50  0.96129947122449977     
          20          51  0.96417759112676560     
          21          52  0.93180984866242822     
          25          53  0.96154853564568565     
          26          54  0.95734353895681690     
          28          55  0.96347552979618245     
          29          56  0.96613226722094747     
          32          57  0.97914913091016398     
          32          58  0.96919437250747698     
          32          59  0.95570327143623524     
          60          61  0.94864151965027177     
          60          62   1.0358612142552541     
          62          63  0.93159503507964070     
          62          64  0.93143947101698599     
          64          65  0.96176275284287893     
          64          66  0.96696021250017139     
          64          67   1.0090971968615872     
          67          68   1.3993154477820016     
          68          69  0.96657969261486421     
          68          70   1.4546263384543923     
          70          71  0.96544203919651173     
          70          72   1.3567205028326519     
          72          73   1.0895108975891585     
          73          74  0.82336954520545702     
          68          75  0.10460042983939774     
          72          75   1.3524837001181400     
          75          76  0.96894895557955807     
          67          77   1.4011896212775323     
          70          77  0.10361199425895733     
          75          77   1.4579826380027450     
          77          78  0.96602698459427816     
          62          79  0.98689699369374695     
          79          80   1.8877912302677144     
          81          82  0.95207000481778681     
          81          83   1.0330978394166239     
          83          84  0.95803275820289835     
          83          85  0.94984837724208582     
          85          86  0.95933488914844456     
          85          87  0.95511062632386068     
          85          88   1.0118349881554634     
          88          89   1.4074769639872413     
          89          90  0.96872662015976441     
          89          91   1.4438597986235380     
          91          92  0.96957791320136311     
          88          93  0.10799609200137512     
          91          93   1.4353389700931134     
          93          94  0.97120091124071617     
          89          95  0.11093354757942130     
          93          95   1.4372960799638155     
          95          96  0.97196669791252321     
          88          97   1.4083981476422918     
          91          97  0.11086189793810121     
          95          97   1.4406241056588518     
          97          98  0.96552214670060665     
          83          99  0.92801984791592385     
          99         100   1.6104854655648160     
          99         101   1.3131982868619227     
         100         101  0.19002689672285525     
         101         102  0.91961273314846403     
         101         103  0.98062613532290355     
         103         104  0.94311509894076206     
         103         105  0.94485721103497222     
         105         106  0.97354853897890758     
         105         107  0.94645790194322843     
         105         108  0.94409762866887093     
         108         109   1.4706182569675419     
         108         110   1.4871342718267178     
         109         110  0.20958635486806307     
         103         111  0.98781702636149993     
         111         112   1.9071196596592195     
         113         114  0.95022225017674533     
         113         115   1.0280840263239377     
         115         116  0.91819076806111266     
         115         117  0.96774648570770894     
         117         118  0.96674210560412466     
         117         119  0.96722047805699307     
         117         120   1.0055388185325651     
         120         121  0.97311473800846160     
         120         122  0.97141984588275343     
         120         123  0.99565332680208884     
         123         124  0.96386968627715885     
         123         125  0.96681243022641350     
         123         126  0.98638094283721589     
         126         127  0.91520827399158122     
         126         128   1.2847594649650160     
         128         129   1.3427136135476387     
         129         130  0.91418777400587592     
         129         131  0.84949079850533649     
         128         132   1.3147756530265338     
         129         132  0.10833642747803572     
         132         133  0.92219004235759394     
         132         134  0.88082566042997712     
         115         135  0.97848067165518027     
         135         136   1.8812561771645133     
         137         138  0.95679887725054180     
         137         139   1.0147892828974361     
         139         140  0.93787863105384162     
         139         141  0.98247558276280145     
         141         142  0.96833558370496564     
         141         143  0.97316953541437945     
         141         144  0.99196740880885059     
         144         145  0.95313354241144566     
         144         146  0.96873074128581860     
         144         147  0.97612607265283702     
         147         148   1.6160110523171567     
         147         149   1.3219210450886376     
         148         149  0.19456917072236352     
         149         150  0.92260621902573248     
         149         151  0.91075035224514622     
         139         152  0.94126363450163097     
         152         153   1.6324111852565144     
         152         154   1.2812491016970446     
         153         154  0.19178317754219187     
         154         155  0.90862858422893455     
         154         156  0.98923020340471057     
         156         157  0.93227976378149746     
         156         158  0.97623321479729830     
         158         159  0.96992665950118684     
         158         160  0.97617076332241737     
         158         161   1.0096737862259797     
         161         162  0.96698100359004691     
         161         163  0.96100967040291063     
         161         164  0.93883213063251669     
         164         165   1.4869089071275308     
         164         166   1.4800600063533305     
         165         166  0.20833436246996889     
         156         167  0.94776992973890728     
         167         168   1.6090315066505230     
         167         169   1.3103794895331136     
         168         169  0.19510119972685241     
         169         170  0.92014522036843005     
         169         171  0.97863608774850186     
         171         172  0.94720454960179368     
         171         173  0.95182119885183547     
         173         174  0.96036324653110638     
         173         175   1.0061577462993343     
         175         176  0.98160421641705142     
         175         177  0.98278701912866784     
         175         178  0.98673817929615226     
         173         179   1.0108104265123405     
         179         180  0.98390318004787047     
         179         181  0.98188559462562386     
         179         182  0.98018963557258409     
         171         183  0.94359489281776565     
         183         184   1.6232860494329593     
         183         185   1.3078430865549400     
         184         185  0.19805336761529463     
         185         186  0.91355784813725749     
         185         187  0.97472180044873791     
         187         188  0.93742883730387516     
         187         189  0.94747171079668302     
         189         190  0.96006935673196125     
         189         191   1.0071113538860283     
         191         192  0.98146982593712140     
         191         193  0.97910365133360333     
         191         194  0.97443514598450087     
         189         195  0.99130763778751374     
         195         196  0.97584751167554284     
         195         197  0.97505614233683735     
         195         198   1.0154745325841270     
         198         199  0.98484082776909421     
         198         200  0.98415866115108774     
         198         201  0.98653001216295522     
         187         202  0.98781541125068284     
         202         203   1.8792299215032335     
         204         205  0.94898027807589935     
         204         206   1.0360842230500154     
         206         207  0.92792094567639227     
         206         208  0.95798133497229154     
         208         209  0.95136636007843323     
         208         210  0.96694288583696197     
         208         211   1.0095448139447671     
         211         212   1.3913466294540004     
         212         213  0.96671962200614370     
         212         214   1.4676596488345932     
         214         215  0.96725779817958402     
         214         216   1.3657109226539819     
         216         217   1.0371987184539744     
         217         218  0.84750005728620237     
         212         219  0.10578666590208578     
         216         219   1.3936098943412054     
         219         220  0.96231412422162566     
         211         221   1.4207363690022694     
         214         221  0.10797210235312371     
         219         221   1.4333372521346153     
         221         222  0.96051564460751693     
         206         223  0.97002085274152605     
         223         224   1.8847938832351854     
         225         226  0.92634602480021488     
         225         227   1.0270639730895548     
         227         228  0.94705781551395751     
         227         229  0.93164370537227770     
         229         230  0.96339751061303824     
         229         231  0.96304827023716266     
         229         232   1.0121817146176388     
         232         233   1.2596248499074956     
         233         234   1.5276058285069962     
         234         235  0.96477821840097233     
         233         236  0.10412579548802556     
         234         236   1.3000456178256212     
         236         237  0.91566464806737646     
         232         238   1.5735480325782800     
         234         238  0.11464512586781474     
         236         238   1.1907243249269139     
         238         239  0.96395663540210175     
         227         240  0.98749223798194052     
         240         241   1.9029994624564075     
         242         243  0.94451774516296305     
         242         244   1.0256271729689226     
         244         245  0.93853871428125191     
         244         246  0.96535174989796602     
         246         247  0.96204211181441845     
         246         248   1.0072022779514433     
         248         249  0.98365041218535010     
         248         250  0.97251986380156907     
         248         251  0.98189441899310970     
         246         252  0.99411334404258911     
         252         253  0.97238750704132115     
         252         254  0.97220802720005139     
         252         255   1.0199858566479723     
         255         256  0.98463569595862643     
         255         257  0.98429656333135929     
         255         258  0.98130107873269989     
         244         259  0.92947169861726109     
         259         260   1.6120382249684846     
         259         261   1.3009057737582677     
         260         261  0.18987544343039153     
         261         262  0.90618040190284244     
         261         263  0.97441030152090513     
         263         264  0.95709680581879308     
         263         265  0.94148223114321528     
         265         266  0.95086690198587065     
         265         267   1.0072940801955363     
         267         268  0.98285621340842033     
         267         269  0.97574719194556225     
         267         270  0.98159243696804199     
         265         271  0.99773264129488104     
         271         272  0.96867573928859296     
         271         273  0.97402956929649687     
         271         274   1.0113172275976205     
         274         275  0.97758243799018452     
         274         276  0.98144200557846584     
         274         277  0.98707915404031543     
         263         278  0.97425831358222670     
         278         279   1.8962479471822713     
          60         280  0.94460083984758059     
          79         281  0.93708245926332723     
          81         282  0.94409815589482238     
         111         283  0.93561642396906730     
         113         284  0.94761899257398818     
         135         285  0.93519560607238650     
         137         286  0.95441920373114830     
         202         287  0.93952459955621026     
         204         288  0.94649979503188175     
         223         289  0.93409100178906390     
         225         290  0.94684909343494728     
         240         291  0.93840904735234509     
         242         292  0.94569602790168683     
         278         293  0.93773102446651235     
