   -0.37540487
    0.15550180
    0.03596747
    0.06398771
   -0.06316056
    0.06588576
    0.04083283
    0.01016758
   -0.04456869
    0.04688102
   -0.03998703
    0.05132762
   -0.03676031
    0.04035199
   -0.03092536
    0.02270096
   -0.03500921
    0.00918745
    0.26825559
   -0.53070293
   -0.17066200
    0.21259672
    0.04402926
    0.06886477
   -0.08128637
    0.04615416
    0.06403555
    0.36231288
   -0.66087322
   -0.64806417
    0.20875256
   -0.36496152
   -0.37139111
    0.16743569
    0.03623771
    0.08349064
   -0.07279424
    0.06324804
    0.05783510
   -0.00207184
   -0.04426058
    0.05058749
   -0.05873665
    0.05398625
    0.14274954
   -0.46780886
    0.36370559
   -0.07641584
    0.03925072
   -0.04723119
    0.04802186
    0.20169784
   -0.38987699
   -0.33071471
    0.18191682
    0.04290593
    0.05589963
   -0.06992189
    0.04507333
    0.06362924
    0.04443950
   -0.31714941
    0.07894107
    0.05802582
   -0.10235524
    0.22215652
   -0.03028345
    0.02860196
    0.19436066
   -0.39324608
   -0.37826688
    0.16013624
    0.02408830
    0.04776238
   -0.03247322
    0.04109513
   -0.11022243
    0.02686839
    0.04661128
    0.05115391
   -0.05325318
    0.01585618
    0.03628413
   -0.10463181
    0.04669245
    0.03527045
    0.03747807
    0.26775643
   -0.53040215
   -0.16563901
    0.23683656
    0.03083134
    0.07567945
   -0.02540419
    0.06717754
   -0.12228550
    0.05468145
    0.06265816
    0.03790417
   -0.05483199
    0.01216868
    0.02310782
   -0.10820604
    0.05802940
    0.03570156
    0.04100653
    0.21055604
   -0.35700667
    0.18818314
    0.06438697
    0.17609809
    0.05884417
    0.18525344
    0.05079643
    0.18289180
    0.06741066
