    0.26202642
   -0.11692694
    0.02460349
    0.08322585
   -0.07566028
    0.00958559
   -0.04577836
   -0.03873689
   -0.03806129
   -0.03400135
   -0.04128913
   -0.29308155
   -0.47306796
    0.33830086
   -0.12518831
    0.01064606
   -0.44716072
   -0.01407410
   -0.16025909
   -0.01889293
    0.03072622
   -0.32258587
    1.19235590
   -0.09541098
   -0.02111749
   -0.02839331
    0.03948168
   -0.03218753
   -0.02766028
   -0.61070616
   -0.68044721
   -0.12863813
    0.22353768
    0.06926589
    0.04673206
    0.09540377
    0.09587878
    0.05517791
    0.05397958
    0.03762577
    0.03368775
    0.03352798
    0.06769502
    0.06500763
    0.05041445
    0.06683729
    0.04633234
    0.03632998
    0.06197037
    0.05005637
    0.08349447
    0.09562701
    0.02750273
    0.05021332
    0.09569048
    0.08810299
    0.07843194
    0.07501612
    0.06322580
   -0.33636046
    0.16789147
    0.04351876
    0.08864217
   -0.07721752
    0.08608276
    0.06214242
    0.00229749
   -0.04523841
    0.02972045
   -0.06783429
    0.00331383
    0.13723198
   -0.44840277
    0.33379442
   -0.06208310
    0.04539767
   -0.04220968
    0.06829421
    0.21109932
   -0.39010297
   -0.36140074
    0.16645158
    0.03331966
    0.07504754
   -0.07648221
    0.08488706
    0.06248539
    0.00584455
   -0.04127258
    0.05769466
   -0.03652413
    0.06858935
   -0.03021249
    0.03141954
   -0.03174302
   -0.00768881
   -0.03394443
    0.00166172
    0.26570653
   -0.53095100
   -0.16535229
    0.20913608
    0.04262869
    0.09963915
   -0.07138568
    0.02566308
    0.05365303
    0.36518934
   -0.64801147
   -0.62950607
    0.21241609
   -0.36093415
   -0.34352952
    0.18829312
    0.04241632
    0.06032285
   -0.07235842
    0.05540990
    0.06954114
    0.00092355
   -0.04184892
    0.03459142
   -0.02698384
    0.03545323
   -0.03278394
    0.03165761
   -0.04148998
    0.03481337
   -0.05124553
    0.04671995
    0.20878468
   -0.36533303
   -0.36246401
    0.18061339
    0.02416899
    0.07651089
   -0.06524999
    0.05755078
    0.04784337
   -0.09868554
    0.06995897
    0.07428158
    0.28940884
   -0.53828434
   -0.29252157
    0.23981509
    0.25459515
    0.26229764
   -0.51061575
   -0.17790626
    0.20147098
    0.02444840
    0.08792676
   -0.05822360
    0.04171046
    0.07302001
   -0.08386117
    0.02690576
    0.02207044
    0.36727544
   -0.64648642
   -0.65699670
    0.27755988
   -0.49723893
   -0.15827658
    0.20558453
    0.02923485
    0.06097708
   -0.01586677
    0.04759169
   -0.10316669
    0.04407665
    0.02703194
    0.04820492
   -0.11718488
    0.04552767
    0.05449452
    0.04587397
    0.26676410
   -0.52288640
   -0.16242788
    0.22644809
    0.03548589
    0.09037432
   -0.01936264
    0.06450452
   -0.12183743
    0.05272225
    0.06657593
    0.04130073
   -0.06907727
    0.05131940
    0.04504249
   -0.11288945
    0.05064837
    0.05193734
    0.03585147
    0.20696728
   -0.37281904
   -0.33524600
    0.19547619
    0.03050463
    0.08299552
   -0.06665308
    0.04938443
    0.06807725
   -0.02960248
   -0.00643290
    0.08286058
   -0.09724151
    0.17681669
    0.04276226
   -0.05228406
    0.01736269
   -0.03596496
    0.01204345
   -0.04625562
    0.03093055
   -0.04042850
    0.02201599
   -0.02249282
    0.20363377
   -0.39346093
   -0.33206969
    0.18953921
    0.03987380
    0.09067035
   -0.06815469
    0.06708275
    0.06564039
    0.00634226
   -0.04041243
    0.05806809
   -0.05621197
    0.04844691
    0.14220447
   -0.45776886
    0.32817216
   -0.06656360
    0.03964378
   -0.04604285
    0.05343620
    0.19899511
   -0.39977501
   -0.32165998
    0.20325319
    0.04069929
    0.06421995
   -0.07369875
    0.06003661
    0.07479773
    0.04124661
   -0.31875611
    0.08199614
    0.04585039
   -0.09619330
    0.21332949
   -0.03851211
    0.05543024
    0.20385898
   -0.35674397
   -0.34747620
    0.18524244
    0.02028217
    0.04972948
   -0.02659915
    0.05268993
   -0.12392429
    0.05213746
    0.05312674
    0.04335379
   -0.05856680
    0.03274139
    0.03713702
   -0.10490790
    0.02501458
    0.03297965
    0.04351541
    0.26940202
   -0.52205561
   -0.16020173
    0.23410067
    0.02609149
    0.09075191
   -0.01875668
    0.06866727
   -0.12461308
    0.05038921
    0.05761663
    0.04754521
   -0.06581915
    0.02814622
    0.05672213
   -0.11253351
    0.04099250
    0.05529237
    0.01709012
    0.20693321
   -0.36317610
   -0.33060696
    0.18590263
    0.04009220
    0.06860711
   -0.06393921
    0.04345822
    0.04341012
   -0.01451993
    0.05808026
   -0.11619523
    0.03666500
    0.02812892
    0.04746080
   -0.12157910
    0.04074625
    0.05049307
    0.04442685
    0.20508909
   -0.37633803
   -0.33353832
    0.17126962
    0.04527144
    0.05929396
   -0.07202637
    0.04880044
    0.06887521
    0.01464528
   -0.04388836
    0.06228437
   -0.04019527
    0.06052152
   -0.03841914
    0.02610377
   -0.03364272
    0.00469623
   -0.03903263
    0.01832521
    0.20294399
   -0.37014258
    0.20225542
    0.06218285
    0.19723084
    0.05683014
    0.20662941
    0.05389234
    0.16924350
    0.07100958
    0.19578405
    0.05949159
    0.18567874
    0.07434584
    0.19851188
    0.07342687
    0.19439864
    0.07591726
    0.18644452
    0.04667815
    0.18440661
    0.06859039
