           1           2   1.1932370583190299     
           2           3   1.1679615188033006     
           3           5   1.0250579575750109     
           5           6  0.99569000509857930     
           6           7   1.4043409057863327     
           7           8   1.4483738050736170     
           6           9  0.10950993921088441     
           8           9   1.4315987716083085     
           7          10  0.11152681638865983     
           9          10   1.4419530887144747     
           6          11   1.4142075141483783     
           8          11  0.11093420552977726     
          10          11   1.4371541425217003     
           4          12  0.93479752284772932     
          12          13  0.14554602702409614     
           3          14   1.0951311454426393     
          12          14   1.0927159589344027     
          13          14   1.5956061474964094     
           4          15   1.0134100293221007     
           1          17   1.6343484174458318     
           2          17  0.14318956227661445     
          16          18   1.0023136357543481     
          18          19  0.99064845781699562     
          19          20  0.99343768985552972     
           1          21  0.95040928527620427     
          20          21  0.97774237932585473     
          16          22  0.99294442883825129     
          21          22  0.98168161326537151     
          22          23  0.88791302766498037     
          23          24  0.72939456179546258     
          24          25   1.4152758315381779     
          25          26   1.4370525725963472     
          26          27   1.4026780855099323     
          25          28  0.10157983612467243     
          27          28   1.3947180384981921     
          24          29   1.3911069136284240     
          26          29  0.10787437124264566     
          28          29   1.4528465932643451     
          23          30   1.5586590238281592     
          23          31   1.5060217926724369     
          30          31  0.10624428011543118     
          27          32   1.0317606453529369     
           2          33  0.88943706153618374     
           4          34  0.96672642358707406     
           4          35  0.96970997403124204     
           5          36  0.94535700229852349     
           5          37  0.91397856626247864     
           7          38  0.96623276071534814     
           8          39  0.96631813194744387     
           9          40  0.97088941761543512     
          10          41  0.97132130915466208     
          11          42  0.96999676524388068     
          15          43  0.98064339307970239     
          15          44  0.98520351388557592     
          15          45  0.98333728584627078     
          16          46  0.94143809945692003     
          16          47  0.95285654503324335     
          18          48  0.97441605098625850     
          18          49  0.97030192478228572     
          20          50  0.96662051972749941     
          20          51  0.96507586868895978     
          21          52  0.92684986601039498     
          25          53  0.96451122169378356     
          26          54  0.96816596005778854     
          28          55  0.95634325128867226     
          29          56  0.96114249155072229     
          32          57  0.97700975188935746     
          32          58  0.95161495902175308     
          32          59  0.97175631924069816     
          60          61  0.95587089159165950     
          60          62   1.0274502110005974     
          62          63  0.94321490784469497     
          62          64  0.92595994466351272     
          64          65  0.96300595210994822     
          64          66  0.96488173520157405     
          64          67   1.0108826340589192     
          67          68   1.3933030273651650     
          68          69  0.96764371409992311     
          68          70   1.4614634676718701     
          70          71  0.96694313427598111     
          70          72   1.3493638219930264     
          72          73   1.0781930558573904     
          73          74  0.81961025773341212     
          68          75  0.10549213889248286     
          72          75   1.3699903850664550     
          75          76  0.96433658621923946     
          67          77   1.4109690161333002     
          70          77  0.10501818724046769     
          75          77   1.4422183767032579     
          77          78  0.96465114485814973     
          62          79  0.99262476109695041     
          79          80   1.8830713403018167     
          81          82  0.95561145412072246     
          81          83   1.0248865078102765     
          83          84  0.95442710513835549     
          83          85  0.96033388627471528     
          85          86  0.96021283353245734     
          85          87  0.95440526060056263     
          85          88   1.0109655488152507     
          88          89   1.4147537590437222     
          89          90  0.96458680214613757     
          89          91   1.4367569213557161     
          91          92  0.96367951437192589     
          88          93  0.11069864230635369     
          91          93   1.4433800512058770     
          93          94  0.96735712591284173     
          89          95  0.11069777564224796     
          93          95   1.4264306559203672     
          95          96  0.96962665181099827     
          88          97   1.4008498882676301     
          91          97  0.11005920405090400     
          95          97   1.4524440104119603     
          97          98  0.96439571202556540     
          83          99  0.93795883322181262     
          99         100   1.6121421992196807     
          99         101   1.2888695556078313     
         100         101  0.18566161733208439     
         101         102  0.91779104600526273     
         101         103  0.99326342012484603     
         103         104  0.93290577492498272     
         103         105  0.94434222657868472     
         105         106  0.97360329118574285     
         105         107  0.94646569140805659     
         105         108  0.94008133522007598     
         108         109   1.4486686327067821     
         108         110   1.5131773577204741     
         109         110  0.21382799287694007     
         103         111  0.99328947892071129     
         111         112   1.8937831162293992     
         113         114  0.95022591791596656     
         113         115   1.0316495408771051     
         115         116  0.96081607111979750     
         115         117  0.92986422036585514     
         117         118  0.96998784278389949     
         117         119  0.96006389740659037     
         117         120   1.0052655660093035     
         120         121   1.3995218570998218     
         121         122  0.96743621880821684     
         121         123   1.4562589013661056     
         123         124  0.96921451186180485     
         120         125  0.10863196171508530     
         123         125   1.4228061263199236     
         125         126  0.97072647620760910     
         121         127  0.11052174016176965     
         125         127   1.4491486747141904     
         127         128  0.97218085507088647     
         120         129   1.4233148381830067     
         123         129  0.11098988576459520     
         127         129   1.4295657348717159     
         129         130  0.96885494352540535     
         115         131  0.97099042859402540     
         131         132   1.9035922317107603     
         133         134  0.95537757461600314     
         133         135   1.0213480180262506     
         135         136  0.93133148492892404     
         135         137  0.97823271941371415     
         137         138  0.96644127794988766     
         137         139  0.97513334203411617     
         137         140   1.0003057108544033     
         140         141  0.97249865068477892     
         140         142  0.95201387834307438     
         140         143  0.97018302355726083     
         143         144   1.6140707889926604     
         143         145   1.3312615432526682     
         144         145  0.19682994009152174     
         145         146  0.91870575752485362     
         145         147  0.91332700652032595     
         135         148  0.94395789890955961     
         148         149   1.6186248610630285     
         148         150   1.2860717077358208     
         149         150  0.18610641094961108     
         150         151  0.91389375755228286     
         150         152  0.98615107202947139     
         152         153  0.93065166280648393     
         152         154  0.97537590874046520     
         154         155  0.97680739544698891     
         154         156  0.96435799949055112     
         154         157   1.0035017822778975     
         157         158  0.96398800296243636     
         157         159  0.97620678609494882     
         157         160  0.92818035910035934     
         160         161   1.4953847598722834     
         160         162   1.4841137221087377     
         161         162  0.21415234985734141     
         152         163  0.94225938841103185     
         163         164   1.6288331130484286     
         163         165   1.3018038573042137     
         164         165  0.19583902878004783     
         165         166  0.91394318881160441     
         165         167  0.98315089122035360     
         167         168  0.94485222932817414     
         167         169  0.95928180122319351     
         169         170  0.96104252041141591     
         169         171   1.0072409569129224     
         171         172  0.98309632908519373     
         171         173  0.98439971000321302     
         171         174  0.98156433551703881     
         169         175   1.0066013344164626     
         175         176  0.97907596541658592     
         175         177  0.98014053919232125     
         175         178  0.98372099469020469     
         167         179  0.94487962666159553     
         179         180   1.6014617819892156     
         179         181   1.3293158800349485     
         180         181  0.19720132324156986     
         181         182  0.88863380712552376     
         181         183  0.97473239449737903     
         183         184  0.93700259810040842     
         183         185  0.94203457222772446     
         185         186  0.96194677539239326     
         185         187   1.0010838179652108     
         187         188  0.97794892741841799     
         187         189  0.97813113185401201     
         187         190  0.98477005209073676     
         185         191  0.99459071827422829     
         191         192  0.97142829090955196     
         191         193  0.97110782723477684     
         191         194   1.0159237260797147     
         194         195  0.98301031605604550     
         194         196  0.98481016859757153     
         194         197  0.98796889527254739     
         183         198  0.99057966682631404     
         198         199   1.8553954940808555     
         200         201  0.90972608795320320     
         200         202   1.0282362813176336     
         202         203  0.94745890633295782     
         202         204  0.94562975544950367     
         204         205  0.96097137414205280     
         204         206  0.94932790429311997     
         204         207   1.0150602379602927     
         207         208   1.5879430663074587     
         208         209  0.95874809488773372     
         208         210   1.1980917993738340     
         210         211  0.93809945214334967     
         210         212   1.1729218418501999     
         212         213   1.3457975265724060     
         213         214  0.96813677131029119     
         213         215   1.4652260308316980     
         215         216  0.97168769771712238     
         215         217   1.3932475850354726     
         217         218  0.96978223688243959     
         213         219  0.10974788112036846     
         217         219   1.4712567110250940     
         219         220  0.96719503429829157     
         207         221   1.1742554482491403     
         212         221   1.2491431660327934     
         219         221   1.3510121416671774     
         202         222  0.97426213482282886     
         222         223   1.8730765678613563     
         224         225  0.94793670984466338     
         224         226   1.0361519006057456     
         226         227  0.92849734662457095     
         226         228  0.93456360828124008     
         228         229  0.96216310132700289     
         228         230  0.97001764311318794     
         228         231   1.0083946944144144     
         231         232   1.4119889283160323     
         232         233  0.95301803522902551     
         232         234   1.4393897077018911     
         234         235  0.96649796378471442     
         234         236   1.3730791610481041     
         236         237   1.0633048811069077     
         237         238  0.83035103201101501     
         232         239  0.10386100179597582     
         236         239   1.3477181163329421     
         239         240  0.96921524159482031     
         231         241   1.3849018521813250     
         234         241  0.10414906208945286     
         239         241   1.4694392334233992     
         241         242  0.96718955276227880     
         226         243  0.98057234252106140     
         243         244   1.8687439307287339     
         245         246  0.91614896915732302     
         245         247   1.0259834890322002     
         247         248  0.96044651630987621     
         247         249  0.93142662474140236     
         249         250  0.96650714837921459     
         249         251  0.95428842606988118     
         249         252   1.0130214777586122     
         252         253   1.2589816727357079     
         253         254   1.5339878042310224     
         254         255  0.96406930738191354     
         253         256  0.10684089621607047     
         254         256   1.2874345290759446     
         256         257  0.92528897773469621     
         252         258   1.5695092072388657     
         254         258  0.11482091413598436     
         256         258   1.1996669633057899     
         258         259  0.96247628831808818     
         247         260  0.97375704201450863     
         260         261   1.8961129452139178     
         262         263  0.94225419793886300     
         262         264   1.0189563659790570     
         264         265  0.94965967327568834     
         264         266  0.94816751706062430     
         266         267  0.96082929454241950     
         266         268   1.0031788489824864     
         268         269  0.97826438503320312     
         268         270  0.97840620350589236     
         268         271  0.98180075082881291     
         266         272  0.99682558271945398     
         272         273  0.97314282302965660     
         272         274  0.96841767039025162     
         272         275   1.0174023082394492     
         275         276  0.98128467035344946     
         275         277  0.98560398274687999     
         275         278  0.97905551136529967     
         264         279  0.94741415615384916     
         279         280   1.6133538259723783     
         279         281   1.3081209402674601     
         280         281  0.19625389668017340     
         281         282  0.89578471301931284     
         281         283  0.97613253404273181     
         283         284  0.94699053736742222     
         283         285  0.94873290514370179     
         285         286  0.95783565937438708     
         285         287   1.0041186819557770     
         287         288  0.98261135766323360     
         287         289  0.97234225723927215     
         287         290  0.98129016928800961     
         285         291  0.99634505957704045     
         291         292  0.96989315805705001     
         291         293  0.97184576394076405     
         291         294   1.0133487286871137     
         294         295  0.98484420324889621     
         294         296  0.98051651548653873     
         294         297  0.98476332203992523     
         283         298  0.97455502854891807     
         298         299   1.8881464397386014     
         300         301  0.94925116407059118     
         300         302   1.0257496603626117     
         302         303  0.95299405173866958     
         302         304  0.94718029075402754     
         304         305  0.97118569793601184     
         304         306  0.97072465374999728     
         304         307  0.98654355055518062     
         307         308  0.96516609722291036     
         307         309   1.0056691246173546     
         309         310  0.98542971030549231     
         309         311  0.98526460178268804     
         309         312  0.97122090966255237     
         307         313   1.0099492273502633     
         313         314  0.98421317032973854     
         313         315  0.97728253078280125     
         313         316  0.98048548425858362     
         302         317  0.97351234937156750     
         317         318   1.8917492967097007     
         319         320  0.95737578524831624     
         319         321   1.0336009696565396     
         321         322  0.96024269868632262     
         321         323  0.93066042000064253     
         323         324  0.96699791420513859     
         323         325  0.96429765877060480     
         323         326   1.0072601038392948     
         326         327   1.4095153220811960     
         327         328  0.96742103411931746     
         327         329   1.4399809546716340     
         329         330  0.96682856553649010     
         326         331  0.10743244546547139     
         329         331   1.4363685931779866     
         331         332  0.96759693628811361     
         327         333  0.11224473412425878     
         331         333   1.4336364934635535     
         333         334  0.96780431928819699     
         326         335   1.4084154668365660     
         329         335  0.11067550397073385     
         333         335   1.4428262557866451     
         335         336  0.96959675978439119     
         321         337  0.97039879344686231     
         337         338   1.9015358116067826     
          60         339  0.94347545885034223     
          79         340  0.93807176933778025     
          81         341  0.94619630510745933     
         111         342  0.94033177680090207     
         113         343  0.94193855070710242     
         131         344  0.93747879979665361     
         133         345  0.95630963090867682     
         198         346  0.93638009875026129     
         200         347  0.94668462858766134     
         222         348  0.93632091914552484     
         224         349  0.95167614607615536     
         243         350  0.93475329688318043     
         245         351  0.94411722431829992     
         260         352  0.93787481768836234     
         262         353  0.94701083159067290     
         298         354  0.93909143484637925     
         300         355  0.95298983399678927     
         317         356  0.93517442169227016     
         319         357  0.94970303354300134     
         337         358  0.93584061483109393     
