    0.27447119
   -0.07390870
    0.09252472
    0.06763438
   -0.07433348
    0.03192745
   -0.03991624
   -0.03013913
   -0.02339889
   -0.02445475
   -0.03934145
   -0.24015605
   -0.43467297
    0.34851437
   -0.13608474
   -0.00040928
   -0.40290973
   -0.05474772
    0.02864574
   -0.07121926
    0.02030555
   -0.26213639
    1.13844298
   -0.08321476
   -0.03288038
   -0.03688772
    0.03742454
   -0.03728685
   -0.02919869
   -0.67095233
   -0.64814507
   -0.14203601
    0.27228701
    0.08653950
    0.06958997
    0.12295599
    0.12452382
    0.07357915
    0.06714725
    0.06451348
    0.06091805
    0.05992360
    0.06554308
    0.07164096
    0.08144101
    0.06556671
    0.08423039
    0.11353909
    0.11593848
    0.14131178
    0.12729529
    0.12840777
    0.07817910
    0.08250185
    0.08441597
    0.06583389
    0.09401151
    0.07479956
    0.07190543
