    0.28477264
   -0.08479002
    0.09969737
    0.06686344
   -0.08562790
    0.02893861
   -0.03833926
   -0.02718896
   -0.02827599
   -0.03137229
   -0.03955053
   -0.23910050
   -0.42719302
    0.35391630
   -0.13494149
   -0.01127801
   -0.37972456
   -0.05031613
    0.00249032
   -0.06348884
    0.02594869
   -0.26662259
    1.16081034
   -0.08975557
   -0.03115130
   -0.03805683
    0.03794006
   -0.03239785
   -0.02847009
   -0.63896532
   -0.64836931
   -0.14015417
    0.27129205
    0.08082474
    0.08370659
    0.13501534
    0.16926325
    0.06069917
    0.05284886
    0.05124257
    0.05942945
    0.05695578
    0.06587215
    0.06838152
    0.07454387
    0.09444110
    0.07934164
    0.08520540
    0.12002634
    0.10792999
    0.12344828
    0.11040664
    0.07148173
    0.08939735
    0.08402173
    0.07273093
    0.06645514
    0.06936595
    0.08942522
