    0.26319940
   -0.11177593
    0.04918500
    0.07395937
   -0.06903604
    0.01901495
   -0.03589823
   -0.03531676
   -0.03912232
   -0.03590159
   -0.04328111
   -0.26994371
   -0.47281078
    0.33859026
   -0.12191586
    0.00631284
   -0.45988682
   -0.03565934
   -0.14809760
   -0.04478239
    0.02506556
   -0.28383756
    1.14298054
   -0.08382291
   -0.03107172
   -0.03730294
    0.03614011
   -0.03778706
   -0.03004239
   -0.66802016
   -0.64475419
   -0.14641098
    0.25202875
    0.05783531
    0.07743255
    0.10431840
    0.08992539
    0.03430510
    0.05097846
    0.05013846
    0.04937266
    0.03702925
    0.06113335
    0.06512153
    0.04780996
    0.04015268
    0.06891693
    0.09269011
    0.10024403
    0.09503771
    0.09534080
    0.09325033
    0.06981883
    0.09119159
    0.08323363
    0.05667379
    0.07416201
    0.09456223
    0.07935175
   -0.32421246
    0.19201767
    0.04072568
    0.09258624
   -0.07501327
    0.07496535
    0.06434134
    0.01099371
   -0.04538988
    0.04210609
   -0.03849006
    0.04055188
   -0.03698824
    0.03692317
   -0.03688663
    0.03686035
   -0.04178022
    0.02865324
    0.21061135
   -0.37606443
   -0.32175092
    0.20319722
    0.03647796
    0.10308509
   -0.07305531
    0.07186294
    0.06043909
    0.00815143
   -0.04247875
    0.05105501
   -0.07506515
    0.04436763
    0.14137969
   -0.45911803
    0.37299064
   -0.05828581
    0.04916739
   -0.04193360
    0.05192294
    0.19974007
   -0.39644859
   -0.29221549
    0.18659325
    0.04149664
    0.07538079
   -0.07870956
    0.06714579
    0.07960080
    0.05026804
   -0.31412123
    0.08282116
    0.04884056
   -0.10207483
    0.22038517
   -0.03116465
    0.05591746
    0.21211707
   -0.34130123
   -0.31717716
    0.19006298
    0.02634901
    0.07135876
   -0.02519864
    0.05126420
   -0.11848826
    0.05013665
    0.04697153
    0.05003030
   -0.05380836
    0.02959379
    0.01595780
   -0.11316633
    0.04523648
    0.05093840
    0.03703765
    0.27624485
   -0.50686099
   -0.15369527
    0.23164974
    0.02784663
    0.07976375
   -0.01814941
    0.06256888
   -0.12496948
    0.04129668
    0.04982400
    0.05762830
   -0.05975246
    0.02519754
    0.03274045
   -0.11138681
    0.04380899
    0.03945056
    0.04907838
    0.20858240
   -0.35928575
    0.20830543
    0.06369700
    0.20815490
    0.06331812
    0.20749377
    0.06778781
    0.21372022
    0.07562617
