           1           2   1.1825526497427776     
           2           3   1.2034778688004357     
           3           5   1.0432012569010038     
           5           6  0.94922134624157406     
           6           7   1.4150082542909854     
           7           8   1.4321718658888436     
           6           9  0.10470076355651307     
           8           9   1.4418971868113657     
           7          10  0.11008838588805746     
           9          10   1.4270741826454265     
           6          11   1.3947983233041399     
           8          11  0.11113060894500131     
          10          11   1.4517352322023347     
           4          12  0.94082431827880442     
          12          13  0.15427122943993152     
           3          14   1.0807620768498585     
          12          14   1.1019141582157730     
          13          14   1.6211151282210512     
           4          15   1.0043000312487842     
           1          17   1.6783864152426955     
           2          17  0.13013218457251760     
          16          18   1.0020830816600306     
          18          19  0.98893745093113039     
          19          20  0.98964414184756300     
           1          21  0.92936393122868965     
          20          21  0.99029625938387789     
          16          22  0.98414069339501986     
          21          22  0.98083958163219065     
          22          23  0.89099520928826137     
          23          24  0.71978624738906483     
          24          25   1.4011300605817094     
          25          26   1.4482230886470229     
          26          27   1.3965374974789992     
          25          28  0.10568283683191895     
          27          28   1.4078107385364214     
          24          29   1.4133066648061254     
          26          29  0.10644046116676131     
          28          29   1.4336463217118909     
          23          30   1.5319737135603075     
          23          31   1.5628349222368598     
          30          31  0.10169055551005585     
          27          32   1.0279144008792918     
           2          33  0.86936288549500740     
           4          34  0.96806769996303488     
           4          35  0.96600741149450087     
           5          36  0.94524214972191389     
           5          37  0.94947601875415033     
           7          38  0.96646689796450258     
           8          39  0.96839106564905486     
           9          40  0.96913495573518615     
          10          41  0.96802267974838185     
          11          42  0.96809203926712173     
          15          43  0.98567836715573742     
          15          44  0.98432624951468850     
          15          45  0.98478888838372958     
          16          46  0.96769902607418856     
          16          47  0.95595485356419574     
          18          48  0.96865504566328431     
          18          49  0.96370090260843522     
          20          50  0.96438303441956419     
          20          51  0.96278450886138889     
          21          52  0.92939547606091233     
          25          53  0.96267150943233415     
          26          54  0.96119473537989242     
          28          55  0.96091356031891428     
          29          56  0.96510107148663715     
          32          57  0.96452236717793183     
          32          58  0.95940316059657516     
          32          59  0.98080053965932601     
          60          61  0.94858298019679410     
          60          62   1.0280221300126711     
          62          63  0.94394475747241902     
          62          64  0.94111159740309658     
          64          65  0.96363963528408014     
          64          66  0.95772539026248127     
          64          67   1.0098015291577751     
          67          68   1.4046366079526402     
          68          69  0.96812729310814971     
          68          70   1.4407423055749784     
          70          71  0.97071174991015985     
          67          72  0.10647320652042022     
          70          72   1.4403385034875065     
          72          73  0.97097758121003475     
          68          74  0.11326583564091530     
          72          74   1.4314842121818536     
          74          75  0.96978132350572310     
          67          76   1.4129504861667102     
          70          76  0.10860779436334683     
          74          76   1.4413155132688455     
          76          77  0.96655629624668116     
          62          78  0.96432740137060591     
          78          79   1.8910116654405902     
          80          81  0.93830022199600727     
          80          82   1.0503125782904503     
          82          83  0.89500774616474543     
          82          84  0.94763258006818096     
          84          85  0.96405833450636380     
          84          86  0.96625159035133534     
          84          87   1.0098156800203482     
          87          88   1.4074118967504843     
          88          89  0.96844009583311896     
          88          90   1.4502802471510392     
          90          91  0.96705399108808932     
          90          92   1.3691158192187671     
          92          93   1.0710129624566149     
          93          94  0.84116124699638006     
          88          95  0.10619411650140499     
          92          95   1.3579756132116678     
          95          96  0.96905344061690379     
          87          97   1.3979816428258349     
          90          97  0.10342266267757169     
          95          97   1.4588806389827698     
          97          98  0.96182128401336453     
          82          99  0.97532992847173761     
          99         100   1.8597953197525483     
         101         102  0.94188044677336169     
         101         103   1.0177735662123375     
         103         104  0.95252716034517304     
         103         105  0.92929653215810770     
         105         106  0.96780101787755513     
         105         107  0.95932307836447483     
         105         108   1.0080949345593888     
         108         109   1.2725330330020259     
         109         110   1.5177834777140602     
         110         111  0.96409093380957778     
         109         112  0.10447096784050593     
         110         112   1.3014773476763948     
         112         113  0.92255699977304484     
         108         114   1.5543258221622733     
         110         114  0.11449690073341345     
         112         114   1.2000056187864605     
         114         115  0.96566887677508317     
         103         116  0.97936289858277514     
         116         117   1.9076400438924370     
         118         119  0.94481015584835637     
         118         120   1.0315871904181029     
         120         121  0.95140699269799045     
         120         122  0.93234342755658817     
         122         123  0.96188623236928805     
         122         124   1.0095966800332006     
         124         125  0.97983154403355333     
         124         126  0.98139155608028861     
         124         127  0.97983664299911410     
         122         128  0.99513549362075149     
         128         129  0.97716065962933507     
         128         130  0.97378411627776984     
         128         131   1.0127989645919722     
         131         132  0.98569412148944802     
         131         133  0.98489527615234218     
         131         134  0.98582085001134034     
         120         135  0.93772982441693187     
         135         136   1.6141831817802534     
         135         137   1.3128649592138586     
         136         137  0.19408488992490142     
         137         138  0.89956901965943681     
         137         139  0.96369706738554306     
         139         140  0.95613691024617431     
         139         141  0.95801465372159056     
         141         142  0.96439505536496584     
         141         143   1.0035007928925248     
         143         144  0.98373491672540592     
         143         145  0.98594398741065081     
         143         146  0.97775965593434133     
         141         147  0.99479205435773244     
         147         148  0.97286055253288417     
         147         149  0.97433900710053778     
         147         150   1.0143079910024524     
         150         151  0.98202884566943949     
         150         152  0.98381791004676356     
         150         153  0.98603101965978057     
         139         154  0.97380743862206454     
         154         155   1.9016666925413153     
          60         156  0.94275354842448045     
          78         157  0.93533207990106126     
          80         158  0.94078504644123340     
          99         159  0.93290752773862307     
         101         160  0.94045800222222808     
         116         161  0.93629563213279832     
         118         162  0.94004835035784740     
         154         163  0.93768601718976552     
