    0.26262835
   -0.11840314
    0.02738803
    0.06746244
   -0.06704826
    0.01923853
   -0.04042668
   -0.02370091
   -0.02613390
   -0.03291004
   -0.04621716
   -0.28021465
   -0.48150373
    0.33092134
   -0.13184410
    0.01729499
   -0.48588525
   -0.04158991
   -0.12368897
   -0.04869258
    0.03618353
   -0.29107099
    1.16696698
   -0.08903668
   -0.03046357
   -0.02436676
    0.04167719
   -0.03285972
   -0.02519494
   -0.66901551
   -0.66585866
   -0.12354962
    0.25701513
    0.08560345
    0.07633874
    0.07830177
    0.07073989
    0.06442071
    0.03844653
    0.01698668
    0.01561784
    0.03850230
    0.04519939
    0.07233832
    0.05702895
    0.03091761
    0.05886779
    0.08786326
    0.08626132
    0.09806779
    0.08629024
    0.07873560
    0.06669096
    0.06200260
    0.07718528
    0.06026638
    0.06755197
    0.08775992
    0.06078257
   -0.33348675
    0.18460669
    0.03714036
    0.08852446
   -0.08033290
    0.07565599
    0.05744026
    0.00445311
   -0.04776596
    0.03861377
   -0.06588057
    0.01933783
    0.14043282
   -0.46317650
    0.34040642
   -0.06558080
    0.06446338
   -0.03959228
    0.06130920
    0.20754168
   -0.38040200
   -0.34905350
    0.17195433
    0.03391047
    0.06973268
   -0.07202289
    0.06505359
    0.05504728
    0.00644832
   -0.04293458
    0.03927544
   -0.03723453
    0.04652345
   -0.03901825
    0.03778241
   -0.03766398
    0.03146722
   -0.04186841
    0.02850008
    0.26847462
   -0.52094812
   -0.15340105
    0.21206316
    0.04426117
    0.09229482
   -0.08441782
    0.04583896
    0.06228264
    0.35983644
   -0.61041739
   -0.59598305
    0.20659934
   -0.36068875
   -0.34976966
    0.19004657
    0.03301276
    0.09313677
   -0.07814034
    0.07436563
    0.06221263
   -0.08675230
    0.06941820
    0.06497234
   -0.02953599
    0.08442787
    0.09771969
   -0.14076546
    0.23737482
    0.23846847
   -0.27038117
    0.23532470
    0.23695475
   -0.26526628
    0.24182622
    0.23556164
    0.19976499
   -0.38865824
   -0.32848523
    0.18895546
    0.03227988
    0.06775391
   -0.07600345
    0.07336756
    0.08972040
    0.01306407
   -0.03706464
    0.05126381
   -0.03577322
    0.03981802
   -0.04050317
    0.01357134
   -0.03573176
    0.00770917
   -0.04548743
    0.03987170
    0.26836341
   -0.50811201
   -0.15790331
    0.21276512
    0.01747960
    0.07586480
   -0.07450181
    0.05969609
    0.05520591
   -0.06873152
    0.06218928
    0.05284158
   -0.08890986
    0.09095075
    0.06992747
   -0.03583104
    0.09931075
    0.10803008
   -0.16510008
    0.30785669
    0.30303858
    0.31417967
    0.27075616
   -0.50010591
   -0.16397203
    0.22886509
    0.04089894
    0.09631697
   -0.05683323
    0.06378462
    0.04577181
    0.00732243
   -0.04059786
    0.02766967
   -0.03478109
    0.04270080
   -0.03557049
    0.04959175
   -0.03557060
    0.05070011
   -0.03736668
    0.02957008
    0.20855944
   -0.37206916
   -0.36471607
    0.17471244
    0.03004534
    0.05710156
   -0.05034756
    0.04751654
    0.03630531
   -0.08241416
    0.02923334
    0.04200232
    0.36176947
   -0.65384750
   -0.64509470
    0.26267766
   -0.53356958
   -0.16261155
    0.21781809
    0.02921901
    0.08968097
   -0.01392803
    0.05254110
   -0.10160104
    0.05311125
    0.03171465
    0.04219070
   -0.12145752
    0.04305095
    0.06378294
    0.05333214
    0.20451646
   -0.36661537
   -0.35615147
    0.18676496
    0.03849470
    0.08774903
   -0.07535333
    0.06851314
    0.06330137
    0.00283095
   -0.04638556
    0.05551818
   -0.07589063
    0.04856773
    0.14478370
   -0.45223152
    0.34981959
   -0.05771582
    0.03640539
   -0.04009418
    0.05512018
    0.20122875
   -0.39035827
   -0.31878606
    0.20339058
    0.04379404
    0.05445507
   -0.07729527
    0.06130730
    0.07406354
    0.05138022
   -0.31765482
    0.08870742
    0.04174172
   -0.10356848
    0.22132504
   -0.03944002
    0.05389735
    0.20077017
   -0.36621211
   -0.35448300
    0.17267698
    0.02365873
    0.05722278
   -0.02493641
    0.04608736
   -0.11455062
    0.05038507
    0.04179914
    0.03393706
   -0.06028940
    0.03365633
    0.02481018
   -0.11495713
    0.03763110
    0.04064684
    0.05466006
    0.27507803
   -0.50970532
   -0.15206856
    0.22054208
    0.02924526
    0.07992574
   -0.01574380
    0.06244891
   -0.12167093
    0.04857294
    0.05381099
    0.03628104
   -0.05668538
    0.03051244
    0.03709470
   -0.11484353
    0.04630653
    0.03622485
    0.05905693
    0.20274151
   -0.35319592
    0.21328948
    0.06108155
    0.19780550
    0.08657487
    0.19730166
    0.06007544
    0.20808877
    0.06145876
    0.19076220
    0.07508717
    0.19576563
    0.07467893
    0.18610563
    0.06869118
    0.20234013
    0.07693089
