           1           2  0.95810408141961201     
           1           3   1.0290094854687357     
           3           4  0.94750899616720907     
           3           5  0.95640525922814079     
           5           6  0.96918841391494470     
           5           7  0.95534842392874175     
           5           8   1.0101835753455857     
           8           9   1.4266411782909141     
           9          10  0.96867541634505150     
           9          11   1.4278694178713833     
          11          12  0.96978468024945141     
           8          13  0.10902954242442764     
          11          13   1.4524783569553672     
          13          14  0.97121051951299786     
           9          15  0.10948476737556460     
          13          15   1.4201742509061532     
          15          16  0.97116129427757647     
           8          17   1.3953299568649848     
          11          17  0.11190215181168656     
          15          17   1.4581849195580114     
          17          18  0.96642440571112509     
           3          19  0.94017250729598212     
          19          20   1.6019357118650741     
          19          21   1.3022030999994603     
          20          21  0.19125878345119937     
          21          22  0.91261832745075022     
          21          23  0.97992679427569196     
          23          24  0.95416309921390785     
          23          25  0.94327956034429206     
          25          26  0.97134497174928935     
          25          27  0.94616487007454886     
          25          28  0.93842367704774532     
          28          29   1.4791858840410501     
          28          30   1.4961250232157390     
          29          30  0.21573791746439072     
          23          31  0.98947792772512377     
          31          32   1.8850352877453609     
          33          34  0.95597305548024325     
          33          35   1.0316361461681278     
          35          36  0.92464395385162035     
          35          37  0.94703640697867308     
          37          38  0.96251397760199175     
          37          39  0.96723714630952351     
          37          40   1.0090747980309642     
          40          41   1.4099125429164980     
          41          42  0.96783090143619754     
          41          43   1.4513396473409255     
          43          44  0.96897347002318013     
          43          45   1.3612118239852289     
          45          46   1.0623355010953588     
          46          47  0.84730646563076029     
          41          48  0.10539317962814668     
          45          48   1.3774689516483627     
          48          49  0.96618867912783957     
          40          50   1.4077403043842425     
          43          50  0.11147130020160020     
          48          50   1.4412215322066819     
          50          51  0.96611107985090183     
          35          52  0.98273341548366699     
          52          53   1.8767883888526946     
          54          55  0.93166763731392543     
          54          56   1.0109393508074280     
          56          57  0.96513627867093810     
          56          58  0.95665944654978419     
          58          59  0.96580656405640264     
          58          60  0.96560481694816824     
          58          61   1.0084076773185719     
          61          62   1.2723441740818902     
          62          63   1.5296640784756650     
          63          64  0.96348381653852400     
          62          65  0.10324665372233784     
          63          65   1.2849788866752041     
          65          66  0.92203338076359675     
          61          67   1.5585942236428720     
          63          67  0.11939503227301496     
          65          67   1.2112425803089493     
          67          68  0.96664158479076290     
          54          69  0.10099229498695263     
          56          69  0.96822043736333485     
          69          70   1.8347113371217545     
          71          72  0.95365021305797304     
          71          73   1.0165329116029231     
          73          74  0.95493270788101192     
          73          75  0.96253835809919275     
          75          76  0.96337330376033004     
          75          77   1.0041440734004889     
          77          78  0.98049680688046081     
          77          79  0.98473169331448362     
          77          80  0.97521457200546791     
          75          81  0.99317864968095215     
          81          82  0.96771030759228616     
          81          83  0.97526681422040395     
          81          84   1.0190825558037366     
          84          85  0.98697960718718081     
          84          86  0.98439488511592499     
          84          87  0.98466353461447276     
          73          88  0.93836928818784682     
          88          89   1.6068779904800850     
          88          90   1.3191380187170860     
          89          90  0.19137744469465648     
          90          91  0.88102462501664003     
          90          92  0.97018875785402736     
          92          93  0.95584482285541761     
          92          94  0.95842221804915184     
          94          95  0.95362716332710284     
          94          96   1.0088589556444449     
          96          97  0.98303338667183704     
          96          98  0.97565445520034721     
          96          99  0.98245124986460741     
          94         100  0.99083157171336000     
         100         101  0.97108382339210686     
         100         102  0.97392221242138244     
         100         103   1.0178574702968035     
         103         104  0.97994961432289540     
         103         105  0.98328147553761713     
         103         106  0.98393563145547469     
          92         107  0.96879485430749035     
         107         108   1.8957769309249679     
           1         109  0.94994755488187321     
          31         110  0.93884680978029111     
          33         111  0.95589748346808956     
          52         112  0.93323980004286367     
          54         113  0.95062712202461708     
          69         114  0.94011625281107414     
          71         115  0.95056451894445504     
         107         116  0.93650353265558672     
