    0.25776938
   -0.12196860
    0.02625231
    0.09080501
   -0.05850173
    0.02011939
   -0.03616174
   -0.03261517
   -0.03237660
   -0.03247567
   -0.04170953
   -0.30296461
   -0.49420486
    0.33098600
   -0.11446288
    0.02088204
   -0.46123765
   -0.01442667
   -0.18128194
   -0.04083282
    0.03436677
   -0.29279588
    1.16032259
   -0.09213208
   -0.02904582
   -0.03166185
    0.03298831
   -0.04004353
   -0.02799518
   -0.66795159
   -0.61730379
   -0.13567888
    0.23422798
    0.04878204
    0.04959102
    0.07241384
    0.08125201
    0.03752608
    0.04310565
    0.05566757
    0.03620553
    0.03033769
    0.05648362
    0.06290537
    0.06033630
    0.02979011
    0.05176042
    0.05254196
    0.05183249
    0.09539506
    0.10766211
    0.09758722
    0.07045417
    0.08527302
    0.07125197
    0.04781451
    0.07122940
    0.09175283
    0.07860775
   -0.32883450
    0.18266196
    0.03497324
    0.09258695
   -0.08248077
    0.08940794
    0.06876196
    0.00791431
   -0.04835333
    0.04777705
   -0.06722362
    0.02662180
    0.13789532
   -0.47005556
    0.32787419
   -0.06163785
    0.03114209
   -0.04009387
    0.06186537
    0.21342353
   -0.38522171
   -0.33972855
    0.17132455
    0.03134873
    0.08111013
   -0.07329141
    0.07756196
    0.04840842
    0.01228394
   -0.04621613
    0.06232194
   -0.03843365
    0.05279284
   -0.03661067
    0.04147467
   -0.03364501
    0.01849733
   -0.04213512
    0.01443189
    0.27418569
   -0.51742968
   -0.16667087
    0.22617838
    0.04777053
    0.06923692
   -0.07418367
    0.03992001
    0.05708279
    0.36424352
   -0.63933806
   -0.64355618
    0.20847223
   -0.35144454
   -0.33630416
    0.18792454
    0.04385007
    0.06460683
   -0.07148877
    0.06766011
    0.06974118
    0.00838203
   -0.03806934
    0.04669421
   -0.03517240
    0.04203350
   -0.04525801
    0.02892215
   -0.04021498
    0.02284854
   -0.04913173
    0.03766317
    0.20734856
   -0.36185657
   -0.32224540
    0.18646214
    0.04155264
    0.07349979
   -0.06563939
    0.06815625
    0.04097757
    0.01077254
   -0.04298657
    0.03145559
   -0.04050740
    0.03867710
   -0.04752045
    0.04762451
   -0.03606582
    0.04051513
   -0.03551235
    0.04936495
    0.21199818
   -0.37967440
   -0.35437458
    0.18045805
    0.03867600
    0.05661704
   -0.04541196
    0.05134931
    0.05319272
   -0.08811066
    0.03314617
    0.03460473
    0.36498792
   -0.64933483
   -0.64813164
    0.26547677
   -0.52287633
   -0.15083149
    0.21940608
    0.02567898
    0.07286470
   -0.01609204
    0.05386860
   -0.11378305
    0.03905601
    0.03915074
    0.05537922
   -0.12088390
    0.04982741
    0.04723469
    0.05951233
    0.26308437
   -0.52711963
   -0.15498012
    0.20685749
    0.03113565
    0.08961144
   -0.01607650
    0.06493851
   -0.12925029
    0.05077618
    0.06244826
    0.05636098
   -0.06768926
    0.04017166
    0.04357053
   -0.11979862
    0.05169208
    0.05046239
    0.04176559
    0.20649067
   -0.37516205
   -0.34174001
    0.18537544
    0.03924092
    0.08834836
   -0.06742994
    0.06293981
    0.05663112
    0.00582118
   -0.04239703
    0.04659696
   -0.07013041
    0.02941811
    0.13735959
   -0.42372480
    0.32314745
   -0.06539616
    0.05326681
   -0.04475211
    0.05917130
    0.19892963
   -0.39299155
   -0.32887394
    0.19978193
    0.04955353
    0.05696953
   -0.07253328
    0.07396227
    0.06083275
    0.03980045
   -0.33981236
    0.08125209
    0.04207947
   -0.09939952
    0.23088557
   -0.03045967
    0.06252319
    0.20621952
   -0.35330422
   -0.33418577
    0.18959785
    0.02570931
    0.05888881
   -0.02471884
    0.04491936
   -0.11982156
    0.04624361
    0.05412931
    0.05176943
   -0.06244492
    0.04012000
    0.03128505
   -0.11260652
    0.02953582
    0.04226782
    0.04611021
    0.26839537
   -0.53064014
   -0.15351200
    0.23542156
    0.03620152
    0.07866949
   -0.02496666
    0.07577547
   -0.12122924
    0.05979115
    0.03218091
    0.04647405
   -0.06186545
    0.03858593
    0.04283526
   -0.11111109
    0.03874579
    0.04292335
    0.04503783
    0.20862618
   -0.36780171
    0.21935195
    0.06555676
    0.20005594
    0.06661897
    0.19736036
    0.04836414
    0.18101775
    0.05796400
    0.18833589
    0.07890428
    0.19379436
    0.06687751
    0.19028187
    0.06793057
    0.19791323
    0.07472616
