   -0.36522100
    0.17065466
    0.03761938
    0.08241481
   -0.07561925
    0.07079832
    0.04911771
   -0.00374917
   -0.04517172
    0.01670188
   -0.06945349
    0.02190991
    0.13859416
   -0.45397359
    0.35219337
   -0.06600628
    0.06282736
   -0.04439465
    0.05013470
    0.20475810
   -0.40081905
   -0.37807519
    0.15364083
    0.03572872
    0.06763906
   -0.07509068
    0.06480627
    0.05380536
    0.01018901
   -0.04570830
    0.04667214
   -0.04218365
    0.04153466
   -0.04151992
    0.03318114
   -0.04042984
    0.02901771
   -0.04165316
    0.02503033
    0.27384735
   -0.52184450
   -0.16980444
    0.20850556
    0.03995890
    0.09902193
   -0.08021863
    0.03503769
    0.06349807
    0.36151876
   -0.62391781
   -0.59508128
    0.21033971
   -0.37149599
   -0.38064340
    0.17055106
    0.03420151
    0.07310817
   -0.06830483
    0.07627907
    0.05760315
   -0.07924726
    0.05194385
    0.06927601
   -0.02200787
    0.08317261
    0.10158417
   -0.14594417
    0.23419209
    0.23645383
   -0.27686508
    0.23975777
    0.23797369
   -0.26343702
    0.25331280
    0.23354890
    0.19475444
   -0.37676144
   -0.34783287
    0.13952960
    0.04341198
    0.05270082
   -0.07703151
    0.05790058
    0.06070582
   -0.07184353
    0.04766501
    0.03999912
   -0.08488227
    0.06802062
    0.06784313
   -0.04236940
    0.11055980
    0.10773931
   -0.16846352
    0.31379134
    0.32197780
    0.31014647
    0.20220129
   -0.36846368
   -0.34732972
    0.16221330
    0.03404065
    0.06070125
   -0.07202597
    0.04640266
    0.08488083
    0.00770832
   -0.04315207
    0.02581366
   -0.03789364
    0.02716360
   -0.04123328
    0.02590794
   -0.03777636
    0.03847835
   -0.04718989
    0.05300881
    0.25983246
   -0.52291910
   -0.17186387
    0.19872681
    0.02083573
    0.06884070
   -0.07298827
    0.07496891
    0.04756539
   -0.06867004
    0.04014804
    0.06936592
   -0.09279181
    0.07971195
    0.05705625
   -0.04284654
    0.10743113
    0.12818742
   -0.16721422
    0.30862434
    0.32379334
    0.30246706
    0.27697078
   -0.50177811
   -0.15469015
    0.21988088
    0.04169290
    0.08507273
   -0.05862668
    0.07510599
    0.04228787
    0.01315060
   -0.03249455
    0.02804631
   -0.03700426
    0.03951614
   -0.04209141
    0.04090871
   -0.03857591
    0.04453011
   -0.03746058
    0.03501202
    0.20960129
   -0.36804511
   -0.38345233
    0.16749753
    0.02905066
    0.04201339
   -0.05031825
    0.03472515
    0.04639310
   -0.08911719
    0.03300582
    0.03652073
    0.35982585
   -0.66977094
   -0.65491820
    0.26334083
   -0.53253553
   -0.15852614
    0.21600478
    0.02796551
    0.09518211
   -0.01273419
    0.05630907
   -0.10867961
    0.04947664
    0.03385958
    0.05447814
   -0.11925666
    0.04298725
    0.04970693
    0.05136939
    0.20540983
   -0.37138571
   -0.37221984
    0.16571255
    0.03842607
    0.05600852
   -0.02940193
    0.05323024
   -0.12129601
    0.04218316
    0.06267440
    0.03019339
   -0.05578070
    0.01974383
    0.04285877
   -0.10427823
    0.03360668
    0.03174261
    0.04359591
    0.20658540
   -0.39619494
    0.19238192
    0.04960185
    0.18627018
    0.07020302
    0.15937299
    0.04783009
    0.16549024
    0.05759851
    0.16727876
    0.06258457
    0.17909065
    0.07241669
    0.18871855
    0.06328102
