           1           2  0.95581935119136019     
           1           3   1.0386694002260652     
           3           4  0.93794389250163734     
           3           5  0.91560160773471422     
           5           6  0.96605107493070375     
           5           7  0.96338658170352998     
           5           8   1.0128132380377914     
           8           9   1.3977091443912859     
           9          10  0.96802550950740940     
           9          11   1.4581202432677414     
          11          12  0.96575635634855506     
          11          13   1.3586432557204589     
          13          14   1.0738117165516574     
          14          15  0.81314154474819078     
           9          16  0.10643617165225017     
          13          16   1.3708964122154617     
          16          17  0.96259102567612165     
           8          18   1.4089836346445135     
          11          18  0.10542611666899113     
          16          18   1.4470341386397390     
          18          19  0.96741311806637120     
           3          20   1.0052989457904842     
          20          21   1.8520588368778825     
          22          23  0.95167652745047271     
          22          24   1.0268975625786521     
          24          25  0.94891007758634960     
          24          26  0.95142579842588160     
          26          27  0.96652653497708685     
          26          28  0.96414717147498796     
          26          29   1.0136000408893089     
          29          30   1.4013391958251393     
          30          31  0.96998617365005702     
          30          32   1.4496179086790972     
          32          33  0.97170106374120491     
          29          34  0.10687141069663325     
          32          34   1.4318008550283914     
          34          35  0.97147978144410729     
          30          36  0.11204069269315493     
          34          36   1.4441563660860763     
          36          37  0.97274614998657505     
          29          38   1.4192759050386954     
          32          38  0.11123796354311154     
          36          38   1.4336686743398293     
          38          39  0.96896112726427663     
          24          40  0.95037935809500351     
          40          41   1.6175179384014968     
          40          42   1.2921188343307102     
          41          42  0.18515382438793271     
          42          43  0.90777450650556624     
          42          44  0.98732103067451127     
          44          45  0.92899319665192925     
          44          46  0.94997306110867419     
          46          47  0.97343561214631069     
          46          48  0.94485582653245814     
          46          49  0.94435230627322997     
          49          50   1.4512553440637557     
          49          51   1.4996189255263126     
          50          51  0.20845391143065409     
          44          52  0.99635038782407581     
          52          53   1.8789644098195741     
          54          55  0.95486686387724939     
          54          56   1.0280319601984649     
          56          57  0.92920631832059009     
          56          58  0.96345735057394133     
          58          59  0.96754829704873035     
          58          60  0.97381886159594599     
          58          61   1.0030692855670709     
          61          62  0.97046443941604199     
          61          63  0.96580595299173366     
          61          64   1.0015907675222586     
          64          65  0.95721503521730522     
          64          66  0.96356046448873889     
          64          67  0.97868748226956959     
          67          68  0.91682781712231665     
          67          69   1.2970839498399362     
          69          70   1.3254105180072440     
          70          71  0.91250178818038741     
          70          72  0.87142298275463193     
          67          73  0.10063569639973113     
          69          73   1.3222678676455453     
          70          73  0.10340590834469822     
          73          74  0.91503181266721911     
          73          75  0.90125940980661701     
          56          76  0.97974195853825530     
          76          77   1.8856784541262881     
          78          79  0.96311048460274207     
          78          80   1.0077989248472636     
          80          81  0.96503829771949134     
          80          82  0.95901178265584219     
          82          83  0.97176198579066797     
          82          84  0.96996641491286961     
          82          85   1.0040332061316952     
          85          86  0.97551779467717814     
          85          87  0.97379882705687326     
          85          88   1.0048959101927730     
          88          89  0.97015861434784245     
          88          90  0.96937004930144066     
          88          91   1.0118829228512440     
          91          92  0.96464398498418813     
          91          93  0.96556439746200584     
          91          94  0.96685474684644790     
          94          95  0.88893432067651712     
          94          96  0.87947747642420759     
          94          97  0.88554878212399046     
          80          98  0.97366153796279908     
          98          99   1.9028384669132681     
         100         101  0.95727941217625823     
         100         102   1.0285704073706934     
         102         103  0.95099860113733037     
         102         104  0.96831466406733402     
         104         105  0.97009269957792021     
         104         106  0.94871322013634729     
         104         107   1.0089695729025916     
         107         108   1.4052114451736253     
         108         109  0.96920221696316788     
         108         110   1.4449665442329522     
         110         111  0.97078619547463851     
         107         112  0.10906759758239923     
         110         112   1.4353556688220497     
         112         113  0.97064168888459834     
         108         114  0.11207460136992878     
         112         114   1.4373052088333782     
         114         115  0.97200010937443693     
         107         116   1.4156514603677093     
         110         116  0.11001662031937796     
         114         116   1.4394450870615068     
         116         117  0.96595187585508857     
         102         118  0.93611804121369835     
         118         119   1.6186692428357050     
         118         120   1.2940595410216604     
         119         120  0.19396780317760537     
         120         121  0.92406970347168271     
         120         122  0.98188966297977431     
         122         123  0.94927871020844368     
         122         124  0.95831556183704092     
         124         125  0.96845120615037916     
         124         126  0.97071726216597964     
         124         127   1.0090277382603494     
         127         128  0.97691713670914804     
         127         129  0.97130721924265850     
         127         130   1.0033845991226729     
         130         131  0.96556549256254476     
         130         132  0.97621222562624732     
         130         133   1.0078114038991299     
         133         134  0.96744688389474187     
         133         135  0.96037687533097127     
         133         136  0.96861736011118060     
         136         137  0.88017807922041336     
         136         138  0.88125899040376532     
         136         139  0.89072587646981094     
         122         140  0.94637101579239069     
         140         141   1.6274523639602099     
         140         142   1.3033456049451875     
         141         142  0.19617207713633439     
         142         143  0.91549474110166262     
         142         144  0.98246872934678131     
         144         145  0.94022986637891059     
         144         146  0.93802325757427607     
         146         147  0.95794964908630797     
         146         148  0.96377588614630183     
         146         149   1.0060864084380909     
         149         150   1.4084011997078392     
         150         151  0.96887014000612215     
         150         152   1.4484279478986553     
         152         153  0.97143567305046208     
         149         154  0.11009358375877538     
         152         154   1.4298811726428127     
         154         155  0.97141487972436991     
         150         156  0.11039398275650916     
         154         156   1.4424352806254097     
         156         157  0.96797051073186990     
         149         158   1.4135018135665138     
         152         158  0.11210712241130066     
         156         158   1.4361082452067357     
         158         159  0.96725309448926611     
         144         160  0.99920475434761080     
         160         161   1.8765075269575420     
         162         163  0.95277513518770107     
         162         164   1.0232845666819437     
         164         165  0.94182891826271176     
         164         166  0.97450750403909292     
         166         167  0.97717217285863767     
         166         168  0.97279951285136534     
         166         169   1.0088111858971307     
         169         170  0.96581233510666964     
         169         171  0.96242678885604926     
         169         172  0.93908548227453281     
         172         173   1.4869009595645211     
         172         174   1.4817189027957092     
         173         174  0.20889334824912881     
         164         175  0.94611396031214789     
         175         176   1.6073675092811344     
         175         177   1.3066178354082005     
         176         177  0.19385204062550468     
         177         178  0.90029128103804135     
         177         179  0.98813430824932968     
         179         180  0.93830417171578218     
         179         181  0.92748629984783870     
         181         182  0.96587546119511924     
         181         183   1.0037652128020265     
         183         184  0.98310097404162655     
         183         185  0.98069060751620474     
         183         186  0.97822843280790195     
         181         187   1.0092404285892966     
         187         188  0.98458968862838003     
         187         189  0.98222141577998467     
         187         190  0.98248061536874176     
         179         191  0.99341829444103580     
         191         192   1.8850853797020517     
         193         194  0.95771557147622943     
         193         195   1.0135033273447742     
         195         196  0.95301867117962102     
         195         197  0.94394507626753044     
         197         198  0.96092058405424807     
         197         199   1.0055010673037679     
         199         200  0.98556197813916846     
         199         201  0.97909899870114780     
         199         202  0.98827168812970778     
         197         203  0.99477950849091346     
         203         204  0.97766971907971234     
         203         205  0.97657556699427106     
         203         206   1.0182351745793230     
         206         207  0.98403372749312712     
         206         208  0.98884532231235434     
         206         209  0.98430577845400546     
         195         210  0.98745687768991197     
         210         211   1.8819532547383517     
           1         212  0.94904997551381798     
          20         213  0.93944913817943332     
          22         214  0.95079386230752916     
          52         215  0.93570931802462876     
          54         216  0.95991922905590188     
          76         217  0.93546467279766987     
          78         218  0.95578611351152742     
          98         219  0.93872215411737980     
         100         220  0.95583773568468677     
         160         221  0.94131378315431569     
         162         222  0.95140706142542797     
         191         223  0.93434526019672082     
         193         224  0.94793561760433442     
         210         225  0.93900486839676434     
