           1           2  0.95810931207989292     
           1           3   1.0306189122472644     
           3           4  0.95217977436315027     
           3           5  0.95117377904034561     
           5           6  0.96495514932191973     
           5           7  0.95920338014839368     
           5           8   1.0140846501900629     
           8           9   1.4024856662541645     
           9          10  0.96666480722989978     
           9          11   1.4520031012879120     
          11          12  0.97028974432030957     
           8          13  0.10880397266537477     
          11          13   1.4290574347939442     
          13          14  0.97147473105897719     
           9          15  0.11041268597697948     
          13          15   1.4405723573977258     
          15          16  0.97183482688690936     
           8          17   1.4157972972230324     
          11          17  0.11096402560561962     
          15          17   1.4367622177535073     
          17          18  0.96711189400547681     
           3          19  0.93604327448657476     
          19          20   1.6041554743902164     
          19          21   1.3060575399039041     
          20          21  0.18622800555628738     
          21          22  0.91474077899805240     
          21          23  0.98553102762527733     
          23          24  0.94427403289485978     
          23          25  0.94472768039681054     
          25          26  0.97204179753737807     
          25          27  0.94627260276811864     
          25          28  0.93546979840374911     
          28          29   1.4804134071833071     
          28          30   1.4970693532186898     
          29          30  0.21549432966911142     
          23          31  0.99454482680288936     
          31          32   1.8727670950987307     
          33          34  0.95411509754639945     
          33          35   1.0179286983550124     
          35          36  0.93254399660787279     
          35          37  0.98244199438802415     
          37          38  0.97138448632740682     
          37          39  0.97298902874569837     
          37          40   1.0091171367378342     
          40          41  0.95067486912301680     
          40          42  0.95417359924117795     
          40          43  0.97894037182085447     
          43          44   1.6169969596277218     
          43          45   1.3112994647581298     
          44          45  0.19254934761243558     
          45          46  0.91712569138455957     
          45          47  0.91840601322295967     
          35          48  0.94841529067494312     
          48          49   1.6056182851251177     
          48          50   1.2948567733754985     
          49          50  0.18978617304030621     
          50          51  0.90878013585282003     
          50          52  0.98466403274439840     
          52          53  0.93872604748787758     
          52          54  0.97827803442223771     
          54          55  0.96991199239707804     
          54          56  0.97427202017255798     
          54          57   1.0099158494607354     
          57          58  0.97119252666300127     
          57          59  0.96151591085303156     
          57          60  0.93879170549234392     
          60          61   1.4943803686905486     
          60          62   1.4770454871050025     
          61          62  0.21355616818274298     
          52          63  0.94182816918642076     
          63          64   1.6097513310561877     
          63          65   1.3151191437410394     
          64          65  0.19673054629191014     
          65          66  0.90637095727980377     
          65          67  0.97441714228747345     
          67          68  0.93979812931253259     
          67          69  0.96135622900424123     
          69          70  0.96208166552788998     
          69          71   1.0076204889932090     
          71          72  0.98087885969703004     
          71          73  0.98345156249884524     
          71          74  0.98455435736047847     
          69          75   1.0041242908577428     
          75          76  0.98411724279183643     
          75          77  0.98616369302337770     
          75          78  0.98468193938136706     
          67          79  0.94188265149626516     
          79          80   1.6252466952918763     
          79          81   1.3095129083710881     
          80          81  0.19638350706288890     
          81          82  0.91544836575717980     
          81          83  0.97485287114830632     
          83          84  0.93605238870171881     
          83          85  0.94500496146649926     
          85          86  0.96119581540859311     
          85          87   1.0041830612372136     
          87          88  0.98394809531383853     
          87          89  0.97759850892545563     
          87          90  0.98515098618313890     
          85          91  0.99834086938491973     
          91          92  0.97355079449033555     
          91          93  0.97095666377332512     
          91          94   1.0166488769472648     
          94          95  0.98440295100606978     
          94          96  0.98671924902430708     
          94          97  0.98417472736930867     
          83          98  0.98958857815527168     
          98          99   1.8787424005464919     
         100         101  0.95410485853564286     
         100         102   1.0384424287691705     
         102         103  0.92089290210814567     
         102         104  0.94907844996844337     
         104         105  0.96559912821642879     
         104         106  0.97397007718739670     
         104         107   1.0047998827242337     
         107         108   1.4187673470371625     
         108         109  0.96743401791738848     
         108         110   1.4386290648780065     
         110         111  0.96768674596676374     
         110         112   1.3799297573925677     
         112         113   1.0657872895680687     
         113         114  0.85217432665322246     
         108         115  0.10928662591705707     
         112         115   1.3525456189876570     
         115         116  0.96986439280311465     
         107         117   1.3985060579786832     
         110         117  0.10488508158538319     
         115         117   1.4590459689587310     
         117         118  0.96610958573632677     
         102         119  0.97818784474572551     
         119         120   1.8776093616454512     
         121         122  0.93275254476541947     
         121         123   1.0200070982221590     
         123         124  0.95371588856460865     
         123         125  0.92655173642913868     
         125         126  0.96896796946392383     
         125         127  0.95895995378011789     
         125         128   1.0120435811566884     
         128         129   1.2659596678245986     
         129         130   1.5279616116594816     
         130         131  0.96361121358267632     
         129         132  0.10602361357669726     
         130         132   1.2932670870298837     
         132         133  0.92281701667265748     
         128         134   1.5695252586427659     
         130         134  0.11946050435485620     
         132         134   1.1919964584003970     
         134         135  0.96198458198655235     
         123         136  0.99738405722900980     
         136         137   1.8752915920155846     
         138         139  0.95383570322819744     
         138         140   1.0117605884071548     
         140         141  0.95205013923352777     
         140         142  0.96340146876347310     
         142         143  0.96247121682542702     
         142         144   1.0079647741241660     
         144         145  0.98579641014796204     
         144         146  0.96951382028090105     
         144         147  0.98125065595304017     
         142         148  0.99508798207761606     
         148         149  0.97089495704975282     
         148         150  0.97535206540901975     
         148         151   1.0176959296324128     
         151         152  0.98564767659858110     
         151         153  0.98447116771586407     
         151         154  0.98361880067818341     
         140         155  0.93952224010655305     
         155         156   1.6086148777039306     
         155         157   1.3110192786317378     
         156         157  0.19315979661848770     
         157         158  0.91259016872525911     
         157         159  0.96951908885561466     
         159         160  0.95844502980566582     
         159         161  0.95206158669829355     
         161         162  0.95799779641383709     
         161         163   1.0054420244079652     
         163         164  0.98399288649013705     
         163         165  0.98379863613393348     
         163         166  0.97912795323612967     
         161         167  0.99296771012927387     
         167         168  0.97151264560130235     
         167         169  0.97433967907048546     
         167         170   1.0163230048765690     
         170         171  0.98419696853102479     
         170         172  0.98195020419607526     
         170         173  0.98708600228986754     
         159         174  0.97469438286364130     
         174         175   1.8892133142654968     
           1         176  0.95146954029889874     
          31         177  0.94040436242407921     
          33         178  0.95568996720335431     
          98         179  0.93689969263989070     
         100         180  0.95215991179461756     
         119         181  0.93437607186991856     
         121         182  0.95700592269828877     
         136         183  0.94017631821381065     
         138         184  0.95222979682997755     
         174         185  0.93693073876722688     
