           1           2   1.1514979195348993     
           2           3   1.2963723047326272     
           3           5   1.0815780017985968     
           5           6  0.91391468765533868     
           6           7   1.4169344035735747     
           7           8   1.4189978115515347     
           6           9  0.10257227839226052     
           8           9   1.4407321355245415     
           7          10  0.10665864869217399     
           9          10   1.4229344867270612     
           6          11   1.3925815627233324     
           8          11  0.10793989523648320     
          10          11   1.4468612203505449     
           4          12  0.92265603250061523     
          12          13  0.18629721285487272     
           3          14   1.0220426492685557     
          12          14   1.1583813217772703     
          13          14   1.6565728198695080     
           4          15   1.0158570880180924     
           1          17   1.7241010785439543     
           2          17  0.10638385297604806     
          16          18  0.99767894221360687     
          18          19  0.99265659909301496     
          19          20   1.0015022928308397     
           1          21  0.93844833248454718     
          20          21  0.98543669270440737     
          16          22  0.98676807938361832     
          21          22  0.98303924473075166     
          22          23  0.87858862908987467     
          23          24  0.73062199699052666     
          24          25   1.3981039806884326     
          25          26   1.4513200071159198     
          26          27   1.3944239123429858     
          25          28  0.10610123826430121     
          27          28   1.4022157151648220     
          24          29   1.4087970017948386     
          26          29  0.10233325970490720     
          28          29   1.4379736380110453     
          23          30   1.5462920895490886     
          23          31   1.5673995710441759     
          30          31  0.10367008937715036     
          27          32   1.0304180226561994     
           2          33  0.84005544122000331     
           4          34  0.96041309104309547     
           4          35  0.95488770865912498     
           5          36  0.92006478395183422     
           5          37  0.94244585015802929     
           7          38  0.96574493685321294     
           8          39  0.96545928110977286     
           9          40  0.96651210650314789     
          10          41  0.96509388551027897     
          11          42  0.96417958652840607     
          15          43  0.97977533723113086     
          15          44  0.97912778032527725     
          15          45  0.98090329459680092     
          16          46  0.96135027320267741     
          16          47  0.95122391784149718     
          18          48  0.95191093115600955     
          18          49  0.95871777871093389     
          20          50  0.94420228408648776     
          20          51  0.94935680877788420     
          21          52  0.91764726390847384     
          25          53  0.96125017415336844     
          26          54  0.96131303605128959     
          28          55  0.96379044927171087     
          29          56  0.96149255555284086     
          32          57  0.95428295404154218     
          32          58  0.98110542984453242     
          32          59  0.97397137593944116     
