   -0.36165488
    0.15106302
    0.04516898
    0.07741094
   -0.07648332
    0.07738078
    0.05857057
    0.00048040
   -0.04641638
    0.03424393
   -0.07065733
    0.01496162
    0.13830404
   -0.45700728
    0.34121603
   -0.06260148
    0.03674497
   -0.04199521
    0.05799781
    0.21090519
   -0.39529067
   -0.37682935
    0.15873109
    0.03514444
    0.06537994
   -0.07336993
    0.07688938
    0.05304937
    0.00339249
   -0.04095632
    0.04555371
   -0.03785372
    0.06024413
   -0.03191940
    0.03990404
   -0.03382043
    0.02279424
   -0.03373852
   -0.00012851
    0.26449764
   -0.54127140
   -0.16534319
    0.20932597
    0.04349399
    0.09315635
   -0.07686676
    0.03793323
    0.05450773
    0.36567955
   -0.64788946
   -0.63762113
    0.21077831
   -0.36759277
   -0.36714751
    0.17332132
    0.04351613
    0.05317442
   -0.07082227
    0.05053733
    0.06614697
    0.00098500
   -0.04186813
    0.03140751
   -0.02785680
    0.03041418
   -0.03471432
    0.03161172
   -0.04028650
    0.03483142
   -0.04976674
    0.04547761
    0.20783445
   -0.37199723
   -0.37453664
    0.17312847
    0.02483375
    0.07308306
   -0.06430416
    0.05405085
    0.04590058
   -0.09799838
    0.06999841
    0.07289472
    0.28937995
   -0.53668435
   -0.29244432
    0.23801140
    0.25592538
    0.26282695
   -0.52107958
   -0.17803282
    0.20128864
    0.02251269
    0.08806015
   -0.05661608
    0.04004235
    0.06922000
   -0.08405805
    0.02182143
    0.01984953
    0.36562074
   -0.65668193
   -0.66373884
    0.27861804
   -0.50540647
   -0.15622743
    0.20531248
    0.02181079
    0.07628446
   -0.01625156
    0.05552712
   -0.10217815
    0.04959776
    0.02026693
    0.04307531
   -0.11508645
    0.04547466
    0.05235048
    0.04261827
    0.26898464
   -0.51847788
   -0.15394256
    0.21308989
    0.03259608
    0.09482929
   -0.02049706
    0.06404249
   -0.12298375
    0.04361607
    0.07289201
    0.04433564
   -0.06773385
    0.04859404
    0.04487175
   -0.11433863
    0.04969057
    0.04793579
    0.04630157
    0.20599036
   -0.37676337
   -0.36046329
    0.18359102
    0.03133042
    0.07298300
   -0.06412274
    0.04007349
    0.06152701
   -0.03517069
   -0.00746801
    0.07608505
   -0.09956954
    0.17723220
    0.04460883
   -0.05359904
    0.02716933
   -0.04112776
    0.00982431
   -0.05248694
    0.01889475
   -0.04353118
    0.01074073
   -0.02354127
    0.20147058
   -0.40573308
   -0.36380490
    0.17060392
    0.04147196
    0.07999507
   -0.06414086
    0.05626208
    0.05699063
    0.00592813
   -0.03905639
    0.05447245
   -0.05829948
    0.05871180
    0.13691707
   -0.45933379
    0.34965594
   -0.07449187
    0.03876435
   -0.04441050
    0.04584717
    0.19709562
   -0.41135805
   -0.36249564
    0.18285718
    0.04381166
    0.05095809
   -0.07140359
    0.04732367
    0.06829127
    0.03988070
   -0.32065680
    0.08238392
    0.04762267
   -0.10458055
    0.21759966
   -0.03528262
    0.04182170
    0.20344679
   -0.36967842
   -0.38027968
    0.16473347
    0.02346122
    0.03869140
   -0.02753991
    0.04565211
   -0.11069245
    0.03863130
    0.04433169
    0.04060738
   -0.05607169
    0.03072781
    0.03741326
   -0.10084985
    0.03006883
    0.02887828
    0.04024029
    0.26896484
   -0.52377736
   -0.16208811
    0.22639354
    0.02749962
    0.08968171
   -0.01730441
    0.06276940
   -0.12090906
    0.05041261
    0.05749339
    0.04359639
   -0.06490095
    0.02406672
    0.05744461
   -0.11219902
    0.03628967
    0.05833860
    0.02619703
    0.20585143
   -0.37021905
   -0.35827382
    0.16865057
    0.04155813
    0.05898485
   -0.06324414
    0.04201935
    0.03953999
   -0.01377709
    0.05319038
   -0.11599420
    0.03694382
    0.03449080
    0.04465648
   -0.11874456
    0.03586892
    0.04662172
    0.04631097
    0.20497906
   -0.38434627
   -0.35187415
    0.15774961
    0.04628930
    0.05409276
   -0.07030281
    0.04377477
    0.06057797
    0.01372911
   -0.04259096
    0.05029178
   -0.04089846
    0.05522616
   -0.03683504
    0.03577652
   -0.03107107
    0.02179184
   -0.03913670
    0.01834211
    0.20237858
   -0.37742931
    0.18360782
    0.05827118
    0.18645254
    0.04979125
    0.19222515
    0.04706640
    0.16179240
    0.06690948
    0.17880967
    0.04947922
    0.16867338
    0.06574308
    0.17693080
    0.06248205
    0.17448018
    0.07437993
    0.16751440
    0.03779591
    0.17212022
    0.06262743
