           1           2  0.96135196221139996     
           1           3   1.0249898094904766     
           3           4  0.94651682213761168     
           3           5  0.92928310937771463     
           5           6  0.96457244915129858     
           5           7  0.96625218569030347     
           5           8   1.0100369885845328     
           8           9   1.3952839316444792     
           9          10  0.96740077563099081     
           9          11   1.4612148644924658     
          11          12  0.96719298496775774     
          11          13   1.3496043634593125     
          13          14   1.0782124595572160     
          14          15  0.81541884432201750     
           9          16  0.10622733357351639     
          13          16   1.3723004989393071     
          16          17  0.96515207693910399     
           8          18   1.4131497946622842     
          11          18  0.10527719102489268     
          16          18   1.4407752690235480     
          18          19  0.96600243187948065     
           3          20  0.99411274212018863     
          20          21   1.8766339274368840     
          22          23  0.95809635971454243     
          22          24   1.0236233890541242     
          24          25  0.95600174314711095     
          24          26  0.96120426251543134     
          26          27  0.96167145065244919     
          26          28  0.95606859713735393     
          26          29   1.0100860600854498     
          29          30   1.4152377656661990     
          30          31  0.96576392818067802     
          30          32   1.4370640124643024     
          32          33  0.96478832401698289     
          29          34  0.11071142124378305     
          32          34   1.4427514169825328     
          34          35  0.96663904716783589     
          30          36  0.11047058666436753     
          34          36   1.4279913463558054     
          36          37  0.97068981909390661     
          29          38   1.4018956356288808     
          32          38  0.11053870896416351     
          36          38   1.4517331678022249     
          38          39  0.96448876194987687     
          24          40  0.94096032147091835     
          40          41   1.6078854201473640     
          40          42   1.2911123128007911     
          41          42  0.18598733202518339     
          42          43  0.91762962795722125     
          42          44  0.99231116957929100     
          44          45  0.93436128138391905     
          44          46  0.94481770758718131     
          46          47  0.97327662324491604     
          46          48  0.94746071786096386     
          46          49  0.94066559659738957     
          49          50   1.4519342557406338     
          49          51   1.5083931106116444     
          50          51  0.21287068354163005     
          44          52  0.99286997229806895     
          52          53   1.8770543506084421     
          54          55  0.95555903329843450     
          54          56   1.0297291774350867     
          56          57  0.96172923939768029     
          56          58  0.93235014752794199     
          58          59  0.97051776865913764     
          58          60  0.96038982542812856     
          58          61   1.0060265872744778     
          61          62   1.3998403380370041     
          62          63  0.96771543805002569     
          62          64   1.4556617578706186     
          64          65  0.96973376877307871     
          61          66  0.10892936656583574     
          64          66   1.4241285731202482     
          66          67  0.97095072890166978     
          62          68  0.11086682012580089     
          66          68   1.4481493332788802     
          68          69  0.97228680955405689     
          61          70   1.4231776847567612     
          64          70  0.11065442509531306     
          68          70   1.4304522388069534     
          70          71  0.96891833887950529     
          56          72  0.97429788759964708     
          72          73   1.8972638813686522     
          74          75  0.95799437876860061     
          74          76   1.0209984521817297     
          76          77  0.93173745497576799     
          76          78  0.97959703242579033     
          78          79  0.96722686150779580     
          78          80  0.97537259328050152     
          78          81   1.0001739548439366     
          81          82  0.97240778185157262     
          81          83  0.95220180510171115     
          81          84  0.97056581734123526     
          84          85   1.6144825172527444     
          84          86   1.3311246513496502     
          85          86  0.19681772612546161     
          86          87  0.91955285890936611     
          86          88  0.91264710653756709     
          76          89  0.94545526036866756     
          89          90   1.6156391535353025     
          89          91   1.2862808392105214     
          90          91  0.18564592127113203     
          91          92  0.91367601589149028     
          91          93  0.98671538761996935     
          93          94  0.93223213186037657     
          93          95  0.97557616603277419     
          95          96  0.97699450992091885     
          95          97  0.96492096227789470     
          95          98   1.0036099655728590     
          98          99  0.96484821145764887     
          98         100  0.97652704026747694     
          98         101  0.93293485570604284     
         101         102   1.4952920233638711     
         101         103   1.4830906749338804     
         102         103  0.21527034549438373     
          93         104  0.94265563032279154     
         104         105   1.6273554528082883     
         104         106   1.3031775234133267     
         105         106  0.19588700305556195     
         106         107  0.91418021936201732     
         106         108  0.98215560238441491     
         108         109  0.94596864367881328     
         108         110  0.95920848644607259     
         110         111  0.96101537938725734     
         110         112   1.0074932372082583     
         112         113  0.98416819501822472     
         112         114  0.98521095807056569     
         112         115  0.98439603908019324     
         110         116   1.0069149903392767     
         116         117  0.97897632361435094     
         116         118  0.98030254047858234     
         116         119  0.98401005350832560     
         108         120  0.94570821460767573     
         120         121   1.6131838186573373     
         120         122   1.3163531091329455     
         121         122  0.19484204468187682     
         122         123  0.91211737590286335     
         122         124  0.97302099419992638     
         124         125  0.93696033639178722     
         124         126  0.94417731338393407     
         126         127  0.96179206403262185     
         126         128   1.0011860613084755     
         128         129  0.98459642377411360     
         128         130  0.97746198568747666     
         128         131  0.98447820358024773     
         126         132  0.99432564944570290     
         132         133  0.97152062605742562     
         132         134  0.97091961433898322     
         132         135   1.0155800986497048     
         135         136  0.98293482080915018     
         135         137  0.98517762562110556     
         135         138  0.98708603103852488     
         124         139  0.98775525333862613     
         139         140   1.8493839806399648     
         141         142  0.91383387490845580     
         141         143   1.0245744731914579     
         143         144  0.94957472500977624     
         143         145  0.94801619888956468     
         145         146  0.96219748649330783     
         145         147  0.95168276202149416     
         145         148   1.0124912251819260     
         148         149   1.6028086064356617     
         149         150  0.95998791041956288     
         149         151   1.1924764605452938     
         151         152  0.93797582175221494     
         151         153   1.1762760508277350     
         153         154   1.3485763327508686     
         154         155  0.96827884792007901     
         154         156   1.4723193452201386     
         156         157  0.97186339756900275     
         156         158   1.3918078440610149     
         158         159  0.97040372106661610     
         154         160  0.11481067962712110     
         158         160   1.4750601080481112     
         160         161  0.96765383222337753     
         148         162   1.1765579204951562     
         153         162   1.2482419347505322     
         160         162   1.3519734869494306     
         143         163  0.98016495242336443     
         163         164   1.8627731976519768     
         165         166  0.95484091451431030     
         165         167   1.0332990720548758     
         167         168  0.93198252571180240     
         167         169  0.93762164291869210     
         169         170  0.96410981193153711     
         169         171  0.97117597835568215     
         169         172   1.0074628586236172     
         172         173   1.4159072733189686     
         173         174  0.95348930652316366     
         173         175   1.4359729008864393     
         175         176  0.96562328937613928     
         175         177   1.3827004835618262     
         177         178   1.0546342662353418     
         178         179  0.85687178254062379     
         173         180  0.10492561750571332     
         177         180   1.3554150064722468     
         180         181  0.96902488187381297     
         172         182   1.3907771518255476     
         175         182  0.10720030407658579     
         180         182   1.4651581198338259     
         182         183  0.96804194362189566     
         167         184  0.98616588977551578     
         184         185   1.8627528358932501     
         186         187  0.92477383903323296     
         186         188   1.0216767000885718     
         188         189  0.96445929864572444     
         188         190  0.93900061891665132     
         190         191  0.96883581968716148     
         190         192  0.95556609550863225     
         190         193   1.0127292592405261     
         193         194   1.2590126403634538     
         194         195   1.5318387307278922     
         195         196  0.96374794426644783     
         194         197  0.10783013637914142     
         195         197   1.2860582429265750     
         197         198  0.92337726617096350     
         193         199   1.5722037920821323     
         195         199  0.11638852182190353     
         197         199   1.2005796637078672     
         199         200  0.96582961804603351     
         188         201  0.97551756321851812     
         201         202   1.8829811323438108     
         203         204  0.94952845615899362     
         203         205   1.0160696692420761     
         205         206  0.95358956246033943     
         205         207  0.95433492136779585     
         207         208  0.96172702620417683     
         207         209   1.0034197205069633     
         209         210  0.98338923770792697     
         209         211  0.97912254171072788     
         209         212  0.98195999443052684     
         207         213  0.99707838416118699     
         213         214  0.97348393950243917     
         213         215  0.96852444225185996     
         213         216   1.0178813008272289     
         216         217  0.98113964802480047     
         216         218  0.98598228202224147     
         216         219  0.98482699786050432     
         205         220  0.94953690027624627     
         220         221   1.6122910123952103     
         220         222   1.3066705087202948     
         221         222  0.19514879694060383     
         222         223  0.89940251408194627     
         222         224  0.97497220272210827     
         224         225  0.94739943332379672     
         224         226  0.94890654491230564     
         226         227  0.95886600088367091     
         226         228   1.0041187686287303     
         228         229  0.98275485191553758     
         228         230  0.97253688445266517     
         228         231  0.98181162810950529     
         226         232  0.99617221197622186     
         232         233  0.97024576126641537     
         232         234  0.97190724533520922     
         232         235   1.0136556996161106     
         235         236  0.98548215219950008     
         235         237  0.98068000493869301     
         235         238  0.98488930031421662     
         224         239  0.97443902429499196     
         239         240   1.8787715963925644     
         241         242  0.95550448087800932     
         241         243   1.0231301631440377     
         243         244  0.95440338975288230     
         243         245  0.94998221038221620     
         245         246  0.97178596964818098     
         245         247  0.97126086494948971     
         245         248  0.98746938649325067     
         248         249  0.96594739799837204     
         248         250   1.0057372588043940     
         250         251  0.98544897664781117     
         250         252  0.98500229241672932     
         250         253  0.97204028200065740     
         248         254   1.0099322251398410     
         254         255  0.98453171591055355     
         254         256  0.97766986931471578     
         254         257  0.98026679425012797     
         243         258  0.97847680282791494     
         258         259   1.8859400961486723     
         260         261  0.96182866530818978     
         260         262   1.0319368456210696     
         262         263  0.96107761335355901     
         262         264  0.93234519260436766     
         264         265  0.96785572214941396     
         264         266  0.96561529765999232     
         264         267   1.0065236283594068     
         267         268   1.4098119784186354     
         268         269  0.96888377300995920     
         268         270   1.4402255537090760     
         270         271  0.96759088135560645     
         267         272  0.10722648267640923     
         270         272   1.4363993039093970     
         272         273  0.97028156077119443     
         268         274  0.11204037014720651     
         272         274   1.4349531204879016     
         274         275  0.97198846228863034     
         267         276   1.4096923046259568     
         270         276  0.11125420484769440     
         274         276   1.4423855448454781     
         276         277  0.96969399098762687     
         262         278  0.97269392138648747     
         278         279   1.8945553140631077     
           1         280  0.95054139068720411     
          20         281  0.93870499245297723     
          22         282  0.95032750897575302     
          52         283  0.94118200188428602     
          54         284  0.94748010288833195     
          72         285  0.93878257116918473     
          74         286  0.95879708796616370     
         139         287  0.93705469547028408     
         141         288  0.95328703267421022     
         163         289  0.93813109371992942     
         165         290  0.95756251843692408     
         184         291  0.93642713431601987     
         186         292  0.95203150560043437     
         201         293  0.93952399724408320     
         203         294  0.95409696035063507     
         239         295  0.93876825931503505     
         241         296  0.95974414387461049     
         258         297  0.93714875500791162     
         260         298  0.95396842619422628     
         278         299  0.93703316473896470     
