   -0.37339775
    0.15700623
    0.03342271
    0.06042834
   -0.07201970
    0.08143042
    0.04920381
    0.00804495
   -0.04238539
    0.05250848
   -0.03763799
    0.04947799
   -0.04250379
    0.04329922
   -0.03491745
    0.01621214
   -0.03924378
    0.00700919
    0.26531666
   -0.53970737
   -0.16156838
    0.21618905
    0.04249774
    0.08585080
   -0.07946564
    0.04402410
    0.05562513
    0.36330764
   -0.66162014
   -0.64663341
    0.21126641
   -0.37029860
   -0.38654906
    0.17442272
    0.03194532
    0.06597888
   -0.06011520
    0.04495764
    0.05467904
   -0.09968773
    0.08844865
    0.07577423
    0.28476855
   -0.54321691
   -0.30419462
    0.24823193
    0.24558547
    0.26524421
   -0.52996014
   -0.17590063
    0.21450280
    0.02352185
    0.08460740
   -0.05036122
    0.05949876
    0.04514715
   -0.08727722
    0.02405504
    0.04352367
    0.36432803
   -0.65478303
   -0.67341591
    0.27614690
   -0.52175937
   -0.16994035
    0.20059666
    0.02124365
    0.07018607
   -0.01570379
    0.06056666
   -0.11302489
    0.04389897
    0.02705030
    0.06082824
   -0.11886575
    0.06333121
    0.04404887
    0.04874095
    0.26975294
   -0.50517114
   -0.15746915
    0.21365178
    0.03025698
    0.09105235
   -0.01422543
    0.06841935
   -0.11894700
    0.04299042
    0.06382932
    0.04254384
   -0.06340858
    0.03855818
    0.04253185
   -0.11068072
    0.03858800
    0.04842390
    0.04363389
    0.20940955
   -0.38019347
   -0.37283783
    0.17281567
    0.03414079
    0.08199935
   -0.07080794
    0.06162446
    0.05315038
   -0.00000117
   -0.04779621
    0.04137043
   -0.07794052
    0.04467597
    0.14051717
   -0.45716244
    0.35553439
   -0.06045964
    0.04414834
   -0.04187416
    0.05333765
    0.19919207
   -0.39171763
   -0.36411493
    0.17366535
    0.05173664
    0.04900506
   -0.07005779
    0.05445574
    0.07602313
    0.04734084
   -0.31944094
    0.08174617
    0.05215558
   -0.11159137
    0.21761590
   -0.03344716
    0.04871375
    0.20439292
   -0.37287981
   -0.38077498
    0.15010051
    0.02626366
    0.05524626
   -0.01845981
    0.05201438
   -0.11053149
    0.04148234
    0.04298373
    0.04451507
   -0.05407328
    0.02279050
    0.02899431
   -0.10979005
    0.03626134
    0.02875468
    0.04875313
    0.27112850
   -0.52142199
   -0.15391563
    0.22280192
    0.02769438
    0.08313578
   -0.02039135
    0.07043759
   -0.11955980
    0.03874471
    0.05195737
    0.05717587
   -0.05815193
    0.01744013
    0.03670420
   -0.10964159
    0.03243745
    0.05537299
    0.03508536
    0.20597452
   -0.36060563
    0.18609232
    0.05553838
    0.16904972
    0.07441931
    0.18174235
    0.06317711
    0.16217335
    0.05807432
    0.17698591
    0.07321336
