    0.27581605
   -0.07460685
    0.09592085
    0.06655580
   -0.07600123
    0.03200859
   -0.03125480
   -0.02829993
   -0.03020234
   -0.02999283
   -0.03975189
   -0.23717752
   -0.42227614
    0.35187010
   -0.12626791
   -0.00745010
   -0.40550762
   -0.05509671
    0.03765979
   -0.07072979
    0.02002785
   -0.25458644
    1.15038305
   -0.08464363
   -0.03345920
   -0.03706270
    0.03631556
   -0.03692874
   -0.03074071
   -0.66056021
   -0.64043162
   -0.14522324
    0.27637038
    0.07069629
    0.08594442
    0.13177692
    0.12688679
    0.05530664
    0.06307502
    0.06010002
    0.06293717
    0.05437227
    0.06307849
    0.06749614
    0.05613827
    0.06542114
    0.08384402
    0.11904493
    0.12013438
    0.13162164
    0.12707523
    0.12187732
    0.07865594
    0.09005958
    0.07889617
    0.05975678
    0.07209978
    0.09317290
    0.07585590
