           1           2   1.1478721705148527     
           2           3   1.2854042550433753     
           3           5   1.0702986483844867     
           5           6  0.92218818646514666     
           6           7   1.4024021953590147     
           7           8   1.4275267554849138     
           8           9   1.4318223074905287     
           7          10  0.10437714897584485     
           9          10   1.4192676772731367     
           6          11   1.3812995976774234     
           8          11  0.10477383063503294     
          10          11   1.4485090015529032     
           4          12  0.93826462964888291     
          12          13  0.18222154042249039     
           3          14   1.0325779069384751     
          12          14   1.1374540880990189     
          13          14   1.6661024536357920     
           4          15  0.99948876787095375     
           1          17   1.7358233962337060     
           2          17  0.10871773262733367     
          16          18  0.99873049552828363     
          18          19  0.99258615500859237     
          19          20  0.99622309759786098     
           1          21  0.92281134059892667     
          20          21  0.98685295061305445     
          16          22  0.98528492054155825     
          21          22  0.98734033830147561     
          22          23  0.88095414138518435     
          23          24  0.72289005700235087     
          24          25   1.4005812543381604     
          25          26   1.4490834281025642     
          26          27   1.3951747569368680     
          25          28  0.10524777921216988     
          27          28   1.4069751796129188     
          24          29   1.4129612191885459     
          26          29  0.10590834271633882     
          28          29   1.4344792844243968     
          23          30   1.5349215813929111     
          23          31   1.5656123011273626     
          30          31  0.10312446236153125     
          27          32   1.0288030050550039     
           2          33  0.85598711549927220     
           4          34  0.96468138847402118     
           4          35  0.96362790349288041     
           5          36  0.93737636652489464     
           5          37  0.93095078627687244     
           7          38  0.96323438256187688     
           8          39  0.96474994404044156     
           9          40  0.96624776854764394     
          10          41  0.96430566695231879     
          11          42  0.96604510432503155     
          15          43  0.98500300535715324     
          15          44  0.98305036614661934     
          15          45  0.98346494675532103     
          16          46  0.95932778256260320     
          16          47  0.95189419042875167     
          18          48  0.95289705862706731     
          18          49  0.95777805565342733     
          20          50  0.94207022373694682     
          20          51  0.95441926880164107     
          21          52  0.91873845438598800     
          25          53  0.96121951460662913     
          26          54  0.96134351538342988     
          28          55  0.96157011738863685     
          29          56  0.96475593542723281     
          32          57  0.96390183003202645     
          32          58  0.95904489901814072     
          32          59  0.98130452957241809     
