   -0.37988689
    0.16150631
    0.03358926
    0.06293873
   -0.07052644
    0.06422402
    0.04329625
    0.01318263
   -0.04458106
    0.05096139
   -0.04285871
    0.04883408
   -0.04520930
    0.04174052
   -0.03467571
    0.02371993
   -0.03422141
    0.01236576
    0.26922344
   -0.52623161
   -0.16698442
    0.21977539
    0.04807095
    0.08747366
   -0.07889971
    0.04292356
    0.06708408
    0.36331549
   -0.64750269
   -0.66456084
    0.21199971
   -0.36763439
   -0.37553608
    0.16500415
    0.02824671
    0.03386517
   -0.03760961
    0.02507493
    0.03017795
   -0.08825372
    0.03645589
    0.04000779
    0.36416247
   -0.66232539
   -0.66844280
    0.26368411
   -0.53609752
   -0.16674334
    0.21930259
    0.02376165
    0.07435804
   -0.01477349
    0.06114028
   -0.10676544
    0.02212972
    0.05361789
    0.03920251
   -0.11470586
    0.04199115
    0.05955527
    0.04052975
    0.27516752
   -0.51132510
   -0.16100618
    0.21291721
    0.02833103
    0.08442639
   -0.01864915
    0.06480825
   -0.12555695
    0.05262823
    0.04318592
    0.05865755
   -0.06054736
    0.04590272
    0.04065068
   -0.11509892
    0.04750101
    0.04692090
    0.04528562
    0.21006812
   -0.37523667
   -0.37169052
    0.16424649
    0.04127334
    0.08939980
   -0.06685740
    0.05316360
    0.05202003
    0.00766045
   -0.04239454
    0.05626471
   -0.05872148
    0.04377218
    0.13604542
   -0.46266934
    0.35859079
   -0.07072402
    0.04142432
   -0.04199774
    0.05192743
    0.19783411
   -0.40621392
   -0.36243848
    0.17942269
    0.04572430
    0.05572761
   -0.06879223
    0.04332452
    0.07640461
    0.04235994
   -0.32331455
    0.07950056
    0.05227659
   -0.09992579
    0.22477249
   -0.03332201
    0.03842082
    0.20911603
   -0.36985158
   -0.38109765
    0.15954785
    0.02868516
    0.06409851
   -0.02803460
    0.04459213
   -0.10230444
    0.03439018
    0.03481715
    0.03402432
   -0.06018542
    0.02417523
    0.03386323
   -0.11720346
    0.05814336
    0.03541301
    0.03150540
    0.27002001
   -0.52619320
   -0.15844715
    0.21466700
    0.03114876
    0.07642963
   -0.02317861
    0.07186144
   -0.12220854
    0.04207934
    0.04770212
    0.05528355
   -0.05384898
    0.02429435
    0.04306176
   -0.10525147
    0.04435164
    0.02925436
    0.03330985
    0.20506607
   -0.35613332
    0.18261249
    0.05190116
    0.18025937
    0.07464594
    0.17155985
    0.06621060
    0.15646784
    0.05508722
    0.18089622
    0.07840390
