   -0.37144626
    0.16168349
    0.04157707
    0.07312039
   -0.07402488
    0.06767194
    0.04532118
    0.01365155
   -0.04202006
    0.04905639
   -0.04019382
    0.03876472
   -0.04117178
    0.03610592
   -0.03623693
    0.03358670
   -0.04191138
    0.02546692
    0.20889195
   -0.39131140
   -0.37354408
    0.17212636
    0.03068530
    0.06603674
   -0.05743980
    0.05013660
    0.05009538
   -0.10170888
    0.07524756
    0.06886715
    0.29198141
   -0.53814251
   -0.29484866
    0.24306707
    0.24607408
    0.26466281
   -0.53185924
   -0.18084358
    0.21334242
    0.02289787
    0.08047189
   -0.05387928
    0.06067808
    0.05450666
   -0.08814603
    0.02847657
    0.03516505
    0.36210625
   -0.66295691
   -0.66335622
    0.27664493
   -0.51464817
   -0.16350606
    0.19481644
    0.02498842
    0.07344032
   -0.01404872
    0.05485464
   -0.11007366
    0.05690108
    0.05476198
    0.02197480
   -0.11683968
    0.05655981
    0.03949835
    0.04709444
    0.26989474
   -0.52175911
   -0.14209016
    0.21963081
    0.03626304
    0.08509276
   -0.02623296
    0.07489804
   -0.11935633
    0.04489463
    0.05944642
    0.04628303
   -0.06734453
    0.04377554
    0.04554646
   -0.12056786
    0.05110445
    0.03875162
    0.04945602
    0.20499622
   -0.37973103
   -0.37349643
    0.16439008
    0.03797148
    0.08431807
   -0.07211566
    0.06136197
    0.05309527
    0.00261841
   -0.04498631
    0.03837581
   -0.07643935
    0.04605373
    0.14394330
   -0.45392315
    0.35914668
   -0.06209870
    0.04869716
   -0.04466391
    0.05377074
    0.19876309
   -0.39846552
   -0.35680246
    0.17001819
    0.04815105
    0.05009560
   -0.07837661
    0.05972951
    0.07617693
    0.04382908
   -0.33141207
    0.08472467
    0.04440693
   -0.10798003
    0.22829986
   -0.03824905
    0.04384455
    0.20383597
   -0.37385266
   -0.37907517
    0.16219487
    0.02950916
    0.04351585
   -0.03098631
    0.04510269
   -0.11617143
    0.04090544
    0.05631634
    0.04094277
   -0.05829648
    0.02105837
    0.03792398
   -0.11187217
    0.04554301
    0.03884191
    0.04085455
    0.26875049
   -0.53034479
   -0.16236963
    0.22770634
    0.03521535
    0.07325359
   -0.02562107
    0.06961246
   -0.11686738
    0.06347407
    0.03085457
    0.05105443
   -0.07005997
    0.02624297
    0.04611452
   -0.11167508
    0.04870864
    0.04395845
    0.04252511
    0.20331309
   -0.37004497
    0.18756991
    0.05400060
    0.17231157
    0.07865215
    0.17190836
    0.06632042
    0.18073268
    0.05769244
    0.17540128
    0.07069329
