    0.25507496
   -0.12002322
    0.02913018
    0.07778366
   -0.06983394
    0.02100145
   -0.03898077
   -0.03465991
   -0.04123399
   -0.03652661
   -0.03678471
   -0.28214857
   -0.50345521
    0.32994519
   -0.12465801
    0.00962468
   -0.47467858
   -0.03142851
   -0.17446007
   -0.03744645
    0.02567670
   -0.28982957
    1.14971671
   -0.09195814
   -0.02856928
   -0.03480465
    0.03838012
   -0.03788614
   -0.03651913
   -0.65212845
   -0.64490836
   -0.13651440
    0.24421934
    0.06257390
    0.05684007
    0.08601301
    0.07807321
    0.03090266
    0.03963983
    0.04681990
    0.04892344
    0.05449351
    0.06328603
    0.07075124
    0.07418008
    0.03941988
    0.06418723
    0.09036688
    0.09577725
    0.08814033
    0.08041897
    0.07909025
    0.07508484
    0.08413347
    0.06894568
    0.05368122
    0.06788625
    0.08664248
    0.08460846
   -0.34305684
    0.17422913
    0.03255015
    0.07404207
   -0.07041905
    0.06129786
    0.04850595
    0.01088468
   -0.04200803
    0.04520488
   -0.03598678
    0.04170501
   -0.03583770
    0.03962932
   -0.03568017
    0.03475251
   -0.03942546
    0.02232608
    0.27503588
   -0.51405244
   -0.15765428
    0.21147550
    0.04333777
    0.09027622
   -0.08421062
    0.04114308
    0.05778138
    0.35792065
   -0.61218011
   -0.64071836
    0.21052538
   -0.36411984
   -0.34426574
    0.18274266
    0.03231855
    0.08807188
   -0.07100933
    0.07322115
    0.05627355
   -0.08521402
    0.07303910
    0.06949080
   -0.02661026
    0.08102882
    0.10346124
   -0.14257447
    0.23755509
    0.23878753
   -0.26540536
    0.24361709
    0.24057410
   -0.26907314
    0.26347777
    0.22710468
    0.19880128
   -0.36985629
   -0.31654492
    0.15866627
    0.03805219
    0.07010003
   -0.08051245
    0.05663693
    0.06956529
   -0.08221331
    0.06080723
    0.04435851
   -0.08861178
    0.07017170
    0.06431412
   -0.04337189
    0.11249929
    0.11147061
   -0.16221497
    0.30929994
    0.30931078
    0.31359256
    0.20772733
   -0.36138025
   -0.30757910
    0.18764526
    0.03955987
    0.10039206
   -0.08039084
    0.05238953
    0.09167496
    0.01424471
   -0.04029086
    0.04016496
   -0.04158397
    0.03288756
   -0.04113234
    0.02445638
   -0.04255869
    0.04746269
   -0.05050623
    0.06219524
    0.20706150
   -0.38919404
   -0.33379119
    0.18902454
    0.04195624
    0.10047713
   -0.06531218
    0.06327352
    0.06510584
    0.00723657
   -0.04217988
    0.04283966
   -0.07479010
    0.04105288
    0.14628514
   -0.46784081
    0.38132536
   -0.06392892
    0.04610230
   -0.03984842
    0.04964389
    0.20134793
   -0.39360558
   -0.33061264
    0.20523541
    0.03841574
    0.06632664
   -0.07475692
    0.05797390
    0.07951253
    0.04863215
   -0.31420121
    0.07967514
    0.05182224
   -0.09428485
    0.22180221
   -0.02951046
    0.05136395
    0.20982464
   -0.36567671
   -0.33761425
    0.18135414
    0.02692820
    0.06378115
   -0.02261814
    0.05664954
   -0.11493089
    0.04775001
    0.04635714
    0.04906144
   -0.05813663
    0.03218294
    0.03576720
   -0.10582122
    0.03053345
    0.04249615
    0.02941080
    0.27424985
   -0.52038565
   -0.15581878
    0.23176148
    0.02936516
    0.07783286
   -0.01463382
    0.06307845
   -0.11788636
    0.05039508
    0.03457331
    0.06212969
   -0.06150128
    0.03353130
    0.04083471
   -0.10748660
    0.05485404
    0.03387042
    0.02924304
    0.20655297
   -0.35087669
    0.21417764
    0.07929789
    0.19707305
    0.05458501
    0.18849195
    0.04596281
    0.18155921
    0.04939212
    0.19089162
    0.07103408
    0.20411736
    0.06160191
    0.20425307
    0.07136364
