           1           2   1.1750453386168316     
           2           3   1.2033960114892135     
           3           5   1.0371644042742552     
           5           6  0.96634145691242801     
           6           7   1.4021299729664232     
           7           8   1.4471259965069441     
           6           9  0.10792518658530614     
           8           9   1.4342493932858666     
           7          10  0.11404663976354076     
           9          10   1.4396633927720135     
           6          11   1.4232134972363226     
           8          11  0.10851659520670164     
          10          11   1.4334290707782629     
           4          12  0.92581752066411604     
          12          13  0.14994280617717592     
           3          14   1.0886385915614176     
          12          14   1.1123194352385308     
          13          14   1.5915218280115067     
           4          15   1.0126661379154109     
           1          17   1.6488593753231970     
           2          17  0.13809165824525033     
          16          18   1.0018887737113362     
          18          19  0.99059511135993927     
          19          20  0.99357778394032970     
           1          21  0.93002939073236757     
          20          21  0.98579837550100446     
          16          22  0.97807594557283339     
          21          22  0.98076157285054755     
          22          23  0.88262470670187965     
          23          24  0.73532749620596161     
          24          25   1.3885691886312699     
          25          26   1.4588933668013233     
          26          27   1.3897929154552158     
          25          28  0.10715934476376704     
          27          28   1.4106497694406721     
          24          29   1.4222092345604518     
          26          29  0.10397244838688022     
          28          29   1.4306481608020667     
          23          30   1.5419495229594586     
          23          31   1.5531988600853639     
          30          31  0.10580762408864421     
          27          32   1.0301052530711643     
           2          33  0.88060366375633903     
           4          34  0.96694217758020562     
           4          35  0.96781436128851595     
           5          36  0.93209520664167145     
           5          37  0.95393059234607169     
           7          38  0.96898190295366593     
           8          39  0.96987944572821183     
           9          40  0.96966884824870625     
          10          41  0.96972746342746441     
          11          42  0.96460021768370874     
          15          43  0.98547389398538821     
          15          44  0.98152045967684887     
          15          45  0.97953960456010836     
          16          46  0.96527220907270694     
          16          47  0.95892161178935098     
          18          48  0.97000418724012505     
          18          49  0.96463226076487207     
          20          50  0.96745338151756544     
          20          51  0.96539871321774839     
          21          52  0.94051149320014138     
          25          53  0.96332781633556164     
          26          54  0.96239837881617374     
          28          55  0.96478050975583673     
          29          56  0.96588700004447281     
          32          57  0.98275784953402368     
          32          58  0.96454724114977841     
          32          59  0.96212218101983504     
          60          61  0.94278078592468562     
          60          62   1.0251692711507809     
          62          63  0.94745345178133467     
          62          64  0.94240275536495932     
          64          65  0.96423226817251351     
          64          66  0.96398264286342106     
          64          67   1.0129705522544388     
          67          68   1.4063919530067512     
          68          69  0.96880375604081947     
          68          70   1.4441918293478195     
          70          71  0.97018115833084662     
          67          72  0.10691818717949625     
          70          72   1.4380094940418000     
          72          73  0.97078671176764064     
          68          74  0.11249048366108268     
          72          74   1.4357616183046549     
          74          75  0.97215276668869488     
          67          76   1.4113414152133161     
          70          76  0.11009452813012567     
          74          76   1.4409643244808816     
          76          77  0.96257987182611870     
          62          78  0.94718037666346255     
          78          79   1.6183133486423396     
          78          80   1.3020521284316884     
          79          80  0.19072518509285466     
          80          81  0.91035303489020492     
          80          82  0.98078632061345739     
          82          83  0.94679348102796501     
          82          84  0.94142425432798260     
          84          85  0.97738602407325537     
          84          86  0.95659148186332976     
          84          87  0.93854441792269694     
          87          88   1.4689240087403876     
          87          89   1.5010819497877719     
          88          89  0.21583555680685254     
          82          90  0.98732854257122193     
          90          91   1.9029485432945443     
          92          93  0.95186672611099821     
          92          94   1.0325045748696737     
          94          95  0.92851155239081473     
          94          96  0.94991718428667438     
          96          97  0.96732209578242623     
          96          98  0.97218555882110469     
          96          99   1.0058148756379413     
          99         100  0.96792995696833084     
          99         101  0.97115098822183343     
          99         102  0.99514893062527432     
         102         103  0.96417574747530010     
         102         104  0.96422326906695133     
         102         105  0.98197517050593364     
         105         106  0.91440189314540898     
         105         107   1.2986493563531443     
         105         108  0.10160976163526533     
         107         108   1.3371009531137468     
         108         109  0.91660583759063219     
         108         110  0.87118738702211862     
         107         111   1.3074784225326279     
         108         111  0.10599705740241958     
         111         112  0.91068282232094755     
         111         113  0.92376625807119794     
          94         114  0.97620306298469395     
         114         115   1.8812282699261942     
         116         117  0.95848394498644751     
         116         118   1.0020430531547480     
         118         119  0.95742434060502513     
         118         120  0.96217063334378428     
         120         121  0.97252813529072790     
         120         122  0.97316255232346516     
         120         123   1.0029583117805452     
         123         124  0.97247412158333690     
         123         125  0.97636007879596598     
         123         126   1.0020947978076640     
         126         127  0.97071627004903116     
         126         128  0.97679612708547758     
         126         129   1.0062834717070306     
         129         130  0.96695968462124127     
         129         131  0.96432035812707650     
         129         132  0.96261889478527551     
         132         133  0.88469275508078971     
         132         134  0.89199569309951032     
         132         135  0.88820560087589828     
         118         136  0.97024048754240644     
         136         137   1.9036545549424448     
         138         139  0.94918738299478278     
         138         140   1.0337880725302648     
         140         141  0.93480309899470382     
         140         142  0.93522188420815822     
         142         143  0.97278208706380265     
         142         144  0.95670956346082436     
         142         145   1.0094807891222641     
         145         146   1.4178184482110670     
         146         147  0.96817892492925917     
         146         148   1.4381698795362063     
         148         149  0.97277253283090637     
         145         150  0.10793911480028430     
         148         150   1.4351164720171847     
         150         151  0.97343418933480963     
         146         152  0.10748268315738092     
         150         152   1.4374574495217576     
         152         153  0.97036479263178399     
         145         154   1.4013228599500387     
         148         154  0.11508134298958700     
         152         154   1.4472678259701404     
         154         155  0.96687004326131221     
         140         156  0.97644636203159663     
         156         157   1.8851091797619641     
         158         159  0.94549515864057798     
         158         160   1.0311858894978412     
         160         161  0.91921630857683723     
         160         162  0.94860896955210927     
         162         163  0.96597911916739598     
         162         164  0.96802512579750744     
         162         165   1.0053304613869984     
         165         166   1.4048701451890655     
         166         167  0.96867204161390086     
         166         168   1.4577844205412802     
         168         169  0.96799219460356367     
         168         170   1.3573536005523417     
         170         171   1.0767761344052993     
         171         172  0.82957124639104751     
         166         173  0.10273017117751408     
         170         173   1.3594126173438221     
         173         174  0.96784704366478069     
         165         175   1.4007389226644262     
         168         175  0.10576606336854705     
         173         175   1.4534559021093272     
         175         176  0.96341469956831738     
         160         177  0.98303965280993499     
         177         178   1.8734754556953905     
         179         180  0.91090764723940909     
         179         181   1.0132847627283492     
         181         182  0.96170111938525826     
         181         183  0.93305715401915712     
         183         184  0.95943206516443702     
         183         185  0.96175452427410091     
         183         186   1.0132945334883727     
         186         187   1.2704703153797412     
         187         188   1.5270833821853815     
         188         189  0.96410417320771624     
         187         190  0.10345038550204574     
         188         190   1.2935860451703454     
         190         191  0.92209189547456227     
         186         192   1.5543210775778031     
         188         192  0.11668356292409228     
         190         192   1.2057581597424158     
         192         193  0.96786044874586585     
         181         194  0.97751955801693913     
         194         195   1.8766968072490049     
         196         197  0.94528526197492635     
         196         198   1.0222712063637844     
         198         199  0.95623583507454502     
         198         200  0.94417710955616085     
         200         201  0.96226303080398390     
         200         202   1.0110411876204908     
         202         203  0.97688154427098894     
         202         204  0.98142284325419293     
         202         205  0.98033309507077160     
         200         206  0.99007100007327598     
         206         207  0.97707160589337039     
         206         208  0.97433959955567995     
         206         209   1.0181618010475308     
         209         210  0.98550735045163740     
         209         211  0.98186175329507486     
         209         212  0.97744575187761140     
         198         213  0.93746558454215223     
         213         214   1.6090368036092739     
         213         215   1.3140061391396600     
         214         215  0.19402099811591286     
         215         216  0.89412748609784187     
         215         217  0.97158621920710808     
         217         218  0.95663324570282016     
         217         219  0.95232438358183613     
         219         220  0.95873494908359169     
         219         221   1.0080051699939641     
         221         222  0.98294266898161120     
         221         223  0.98350278508645705     
         221         224  0.97851476352392930     
         219         225  0.98937471927075293     
         225         226  0.97437552742702960     
         225         227  0.97849134625824452     
         225         228   1.0136386724789836     
         228         229  0.97935533863505819     
         228         230  0.98635548878475854     
         228         231  0.98851961306459701     
         217         232  0.97626556716883717     
         232         233   1.8888407005191370     
          60         234  0.93747058848944131     
          90         235  0.93544674385569748     
          92         236  0.94477721930542014     
         114         237  0.93330012840864085     
         116         238  0.94679504451160157     
         136         239  0.93774473758479704     
         138         240  0.95292570826240575     
         156         241  0.93590218280849569     
         158         242  0.94978991948216462     
         177         243  0.93451339930775112     
         179         244  0.94180142111515286     
         194         245  0.93609798053254345     
         196         246  0.94338637946855397     
         232         247  0.93922557437284349     
