           1           2   1.1642225170361500     
           2           3   1.2206097724805247     
           3           5   1.0400362354337787     
           5           6  0.95278444379523664     
           6           7   1.4118428074000855     
           7           8   1.4400262059988305     
           6           9  0.10778454405229511     
           8           9   1.4317400842311725     
           7          10  0.11081659636317293     
           9          10   1.4422102173114513     
           6          11   1.4170652750311046     
           8          11  0.11344247202234808     
          10          11   1.4344767008586092     
           4          12  0.93517293656971501     
          12          13  0.15495844507887652     
           3          14   1.0674924668539614     
          12          14   1.1101719769829568     
          13          14   1.6144094065419416     
           4          15   1.0126382860184919     
           1          17   1.6874967980730324     
           2          17  0.13111964169726659     
          16          18   1.0045106772664549     
          18          19  0.98651776662803226     
          19          20  0.99436909708279608     
           1          21  0.93931054304052630     
          20          21  0.98916346475384309     
          16          22  0.98610126599550529     
          21          22  0.97762486525363079     
          22          23  0.89302540686164655     
          23          24  0.72644747641228946     
          24          25   1.3977656279644117     
          25          26   1.4556929679983293     
          24          27  0.10103253885313504     
          26          27   1.3884954385667418     
          25          28  0.10534560515536345     
          27          28   1.4110293683897057     
          24          29   1.4169869479853641     
          26          29  0.10579145704982866     
          28          29   1.4324259890965338     
          23          30   1.5347888780794268     
          23          31   1.5726061785846743     
          30          31  0.10125949367948667     
          27          32   1.0292819583950488     
           2          33  0.86887854671189735     
           4          34  0.96739067268773971     
           4          35  0.96317593763077525     
           5          36  0.95116857188640558     
           5          37  0.94374206734785948     
           7          38  0.96837269469583787     
           8          39  0.96487720508085417     
           9          40  0.95928095072837505     
          10          41  0.96740357169036750     
          11          42  0.96801777326689520     
          15          43  0.97866766697962804     
          15          44  0.98092436496875557     
          15          45  0.98676832957051608     
          16          46  0.96961365912306374     
          16          47  0.95913896648654851     
          18          48  0.96689693584004544     
          18          49  0.96724729033343371     
          20          50  0.96202900308075123     
          20          51  0.96315143425827143     
          21          52  0.92152698931979615     
          25          53  0.96346845842015394     
          26          54  0.95747194176300932     
          28          55  0.96211905892265670     
          29          56  0.96407330360785493     
          32          57  0.97307380523535447     
          32          58  0.95674852128473475     
          32          59  0.97614333246871232     
          60          61  0.96107133576618586     
          60          62   1.0092690960273965     
          62          63  0.93561475931028248     
          62          64  0.98318681775992434     
          64          65  0.97070045101242619     
          64          66  0.97106042437243956     
          64          67   1.0017933995503479     
          67          68  0.94348807042515304     
          67          69  0.96493815552616979     
          67          70  0.97661842921426256     
          70          71   1.6213324272179979     
          70          72   1.3161406144048431     
          71          72  0.19468512518653075     
          72          73  0.92513893729622854     
          72          74  0.91788623019131133     
          62          75  0.94057452116124196     
          75          76   1.6208523196013769     
          75          77   1.2824917553592088     
          76          77  0.18657307448198648     
          77          78  0.92048464579862255     
          77          79  0.98427562621959630     
          79          80  0.94054584735221858     
          79          81  0.97292813186607263     
          81          82  0.97182870157244039     
          81          83  0.97495659649410005     
          81          84   1.0050420342821260     
          84          85  0.96098208502927029     
          84          86  0.96819876327025911     
          84          87  0.92467083290567809     
          87          88   1.4911249282085179     
          87          89   1.4838808522991860     
          88          89  0.21092658874666106     
          79          90  0.94387885806888983     
          90          91   1.6234513066975929     
          90          92   1.3038467727133161     
          91          92  0.19508037046783802     
          92          93  0.91115448028943757     
          92          94  0.98157329866263965     
          94          95  0.94595459097517376     
          94          96  0.94952955034122488     
          96          97  0.96056844490153992     
          96          98   1.0041285801820627     
          98          99  0.98342338646846439     
          98         100  0.98446146164014348     
          98         101  0.98773520798683223     
          96         102   1.0093575148405050     
         102         103  0.98587369785105694     
         102         104  0.98596029658322992     
         102         105  0.98505631578926134     
          94         106  0.94644329652668613     
         106         107   1.6319679117062833     
         106         108   1.3027791650739151     
         107         108  0.19312817406574420     
         108         109  0.91401283376717524     
         108         110  0.97990904801098877     
         110         111  0.93309657904026699     
         110         112  0.96492018626733234     
         112         113  0.95440091064888422     
         112         114   1.0046725998533332     
         114         115  0.97557501697266968     
         114         116  0.97971982265956958     
         114         117  0.98223976904369525     
         112         118  0.99544920129383685     
         118         119  0.97467663026330298     
         118         120  0.97188308200467788     
         118         121   1.0173854873530117     
         121         122  0.97635369898111446     
         121         123  0.98329017582877620     
         121         124  0.97519576738119329     
         110         125  0.94030156235854956     
         125         126   1.6405485056706279     
         125         127   1.2849261813887196     
         126         127  0.19215125881616724     
         127         128  0.90577113706292234     
         127         129  0.97806528949265348     
         129         130  0.93378079991132767     
         129         131  0.95057556138296762     
         131         132  0.96666395043039044     
         131         133  0.96596976220171760     
         131         134   1.0060725263959034     
         134         135  0.96338773506237108     
         134         136  0.96352721348006998     
         134         137   1.0046606290923805     
         137         138  0.95938821361175908     
         137         139  0.95905973251595933     
         137         140  0.97905514047602749     
         140         141  0.91167692442760728     
         140         142   1.3142354813601105     
         140         143  0.10134603455379967     
         142         143   1.3172170338576570     
         143         144  0.91532265989298012     
         143         145  0.91213743112944812     
         140         146  0.10149126999187295     
         142         146   1.3115715894760966     
         143         146  0.10052572661602677     
         146         147  0.91488616688247448     
         146         148  0.90916761689283443     
         129         149  0.99590245724581627     
         149         150   1.8789175131368918     
         151         152  0.94613555641430247     
         151         153   1.0245508199241138     
         153         154  0.94000608023351939     
         153         155  0.98840682113769929     
         155         156  0.98081243823436315     
         155         157  0.97885296975370684     
         155         158  0.97940600148717494     
         153         159  0.93178075503144808     
         159         160   1.6199349417430757     
         159         161   1.3084678089322304     
         160         161  0.19355814004744534     
         161         162  0.91469440611792230     
         161         163  0.98405096440005424     
         163         164  0.91185837414494952     
         163         165  0.94731177540798173     
         165         166  0.95376378820177787     
         165         167  0.96936008973370047     
         165         168   1.0076143553558210     
         168         169   1.4039299933978504     
         169         170  0.96264023245060271     
         169         171   1.4607142686284180     
         171         172  0.96700779951263305     
         171         173   1.3485534616268162     
         173         174   1.0768877688142018     
         174         175  0.84068411731472414     
         169         176  0.10208192037198933     
         173         176   1.3725713286104964     
         176         177  0.96535033866402820     
         168         178   1.4024906581695507     
         171         178  0.10905628568584065     
         176         178   1.4420753818484766     
         178         179  0.96629542994462814     
         163         180  0.99700085471913524     
         180         181   1.8834955649358009     
         182         183  0.94575020802070076     
         182         184   1.0308332512590319     
         184         185  0.94879509688392649     
         184         186  0.91835798736513230     
         186         187  0.95834353499771952     
         186         188  0.96024038887627461     
         186         189   1.0163900154522250     
         189         190   1.2668900436486059     
         190         191   1.5185758145531703     
         191         192  0.96382861483823890     
         190         193  0.10284323698385453     
         191         193   1.2962944790895909     
         193         194  0.91877329689607568     
         189         195   1.5469690938063436     
         191         195  0.11199302575902102     
         193         195   1.2146737880420611     
         195         196  0.96093641132742447     
         184         197  0.98726168895998601     
         197         198   1.8994256052280507     
         199         200  0.94186789913440361     
         199         201   1.0157767972839651     
         201         202  0.94720996347440123     
         201         203  0.93295802007997797     
         203         204  0.96008971128548493     
         203         205   1.0060270425566200     
         205         206  0.97769594929200010     
         205         207  0.97944482365427799     
         205         208  0.97907040606537654     
         203         209  0.99462394166859092     
         209         210  0.97529652452627102     
         209         211  0.97612316363375318     
         209         212   1.0154234233888211     
         212         213  0.98694947997051108     
         212         214  0.98461357363918900     
         212         215  0.97655640455137382     
         201         216  0.97678556684253826     
         216         217   1.8903380718257181     
          60         218  0.95032779725621763     
         149         219  0.93468685080820690     
         151         220  0.94404488362990313     
         180         221  0.93358721341485640     
         182         222  0.94496590979331641     
         197         223  0.93541226879075856     
         199         224  0.93837420662947224     
         216         225  0.93352689243583875     
