    0.27311094
   -0.07173492
    0.09602946
    0.06955835
   -0.07345631
    0.03342887
   -0.03328182
   -0.02634886
   -0.02408160
   -0.03032768
   -0.04055024
   -0.24749742
   -0.42004194
    0.35113548
   -0.13493374
   -0.00503583
   -0.39332105
   -0.05578477
    0.03666877
   -0.07409021
    0.02859879
   -0.25501876
    1.15777786
   -0.09121611
   -0.03346798
   -0.03505458
    0.03580332
   -0.03786137
   -0.03036648
   -0.64994359
   -0.63648332
   -0.14004159
    0.27180914
    0.07002010
    0.07481891
    0.12115201
    0.13708363
    0.05831863
    0.04900088
    0.05977041
    0.06159594
    0.05934318
    0.07374422
    0.07327330
    0.07026735
    0.06804363
    0.07898799
    0.10961164
    0.11562645
    0.13393247
    0.12605591
    0.12044865
    0.07199941
    0.07985168
    0.07390254
    0.06103167
    0.07082996
    0.07899883
    0.08830983
