           1           2   1.1447253580771453     
           2           3   1.2997449401537464     
           3           5   1.0610881489318251     
           5           6  0.94386159047738227     
           6           7   1.3958244210626074     
           7           8   1.4344831290806497     
           8           9   1.4310090296475968     
           7          10  0.10692158838080174     
           9          10   1.4246025671043872     
           6          11   1.3883268963557762     
           8          11  0.10194989873249649     
          10          11   1.4423319337425879     
           4          12  0.93316993809471238     
          12          13  0.18781231538102269     
           3          14   1.0292308003811919     
          12          14   1.1252260594029810     
          13          14   1.6774136386525400     
           4          15   1.0119553330741402     
           1          17   1.7410086675955336     
           2          17  0.10056000453930396     
          16          18  0.99509414010135666     
          18          19  0.99750134639350307     
          19          20  0.99711801970483860     
           1          21  0.93106303457697892     
          20          21  0.98697352579825159     
          16          22  0.98575366623246952     
          21          22  0.99129836684609052     
          22          23  0.88267577843132194     
          23          24  0.73777624128959696     
          24          25   1.3985384318809650     
          25          26   1.4479314150587910     
          26          27   1.3989277482618685     
          25          28  0.10670991052500128     
          27          28   1.4043701282727616     
          24          29   1.4133086149043452     
          26          29  0.10558644404386684     
          28          29   1.4352836824665314     
          23          30   1.5446701693437819     
          23          31   1.5686297175919570     
          30          31  0.10370403000054870     
          27          32   1.0268963735706835     
           2          33  0.86280534626884720     
           4          34  0.96257030538742572     
           4          35  0.95657946901877688     
           5          36  0.93818722990433501     
           5          37  0.91437048007005439     
           7          38  0.96707003151237203     
           8          39  0.96563494123028515     
           9          40  0.96620596389808644     
          10          41  0.96614108013041311     
          11          42  0.96608555881579594     
          15          43  0.98133760360224642     
          15          44  0.98125917150079145     
          15          45  0.98416797367593722     
          16          46  0.95647645791083402     
          16          47  0.95877922440565333     
          18          48  0.95157427932371896     
          18          49  0.95937688231913198     
          20          50  0.94610232610956158     
          20          51  0.94413713985444181     
          21          52  0.92746803767326336     
          25          53  0.96390414871633334     
          26          54  0.96309649769580297     
          28          55  0.96198680146730664     
          29          56  0.96512779790077441     
          32          57  0.98125103142891601     
          32          58  0.96241024825814359     
          32          59  0.96512296984192525     
