           1           2   1.1909436702266960     
           2           3   1.1936816664176821     
           3           5   1.0416272843141499     
           5           6  0.95469043081250426     
           6           7   1.4227748005400169     
           7           8   1.4268434749432062     
           6           9  0.10851967855970801     
           8           9   1.4468004850843217     
           7          10  0.10984844579891748     
           9          10   1.4255362125857582     
           6          11   1.3991382949438975     
           8          11  0.11260583724403775     
          10          11   1.4542970641855364     
           4          12  0.93194381761218681     
          12          13  0.14894285706600879     
           3          14   1.0816648050198321     
          12          14   1.1083509823704161     
          13          14   1.6016243851265235     
           4          15   1.0159930815872549     
           1          17   1.6580992802478576     
           2          17  0.13411576077449433     
          16          18   1.0021550098628971     
          18          19  0.98845354267000329     
          19          20  0.99306357883655616     
           1          21  0.94243481304063093     
          20          21  0.99245992571369557     
          16          22  0.98919686521047012     
          21          22  0.97901368900293917     
          22          23  0.88277179322012489     
          23          24  0.72371407192943515     
          24          25   1.3999002583797890     
          25          26   1.4482268061441701     
          26          27   1.3975579256753456     
          25          28  0.10665015232093164     
          27          28   1.4036019485673734     
          24          29   1.4101819597787024     
          26          29  0.10344094434125775     
          28          29   1.4353507097729548     
          23          30   1.5373056574387427     
          23          31   1.5716338750235079     
          30          31  0.10312551589205400     
          27          32   1.0294503921845248     
           2          33  0.86070874889386295     
           4          34  0.96896968932420546     
           4          35  0.96572843169241451     
           5          36  0.93891854412787712     
           5          37  0.95463088115611161     
           7          38  0.96619409630100461     
           8          39  0.96634697712752238     
           9          40  0.96240080230828751     
          10          41  0.96729817820957553     
          11          42  0.96844164137806155     
          15          43  0.98059494091327759     
          15          44  0.98136397833764666     
          15          45  0.98445798371218629     
          16          46  0.96896780339165256     
          16          47  0.95489738347375597     
          18          48  0.96725095329027422     
          18          49  0.96561184499911412     
          20          50  0.96137105659501620     
          20          51  0.95905603754703250     
          21          52  0.92795430752675678     
          25          53  0.96035270538614126     
          26          54  0.95615413894824930     
          28          55  0.96366537420546894     
          29          56  0.96331134367531857     
          32          57  0.95521573670304094     
          32          58  0.98114599056247798     
          32          59  0.97474873249295613     
          60          61  0.95020790881050954     
          60          62   1.0274092212006560     
          62          63  0.94051148396430351     
          62          64  0.93027746952198487     
          64          65  0.95388236089916556     
          64          66  0.96169447871573521     
          64          67   1.0135685854339813     
          67          68   1.4078872042649595     
          68          69  0.96881859547488891     
          68          70   1.4416322238530230     
          70          71  0.97148988912864565     
          67          72  0.10637070927314864     
          70          72   1.4367739665862762     
          72          73  0.97201402304779083     
          68          74  0.11189316164270775     
          72          74   1.4332692366197901     
          74          75  0.97093604172669012     
          67          76   1.4093408969976142     
          70          76  0.11006810639604958     
          74          76   1.4444973625139852     
          76          77  0.96545337210561677     
          62          78  0.97944656339677194     
          78          79   1.8953526518186465     
          80          81  0.95442977930779882     
          80          82   1.0306615016258431     
          82          83  0.93362756163793881     
          82          84  0.97566318143523412     
          84          85  0.96939326126980907     
          84          86  0.97191923320037721     
          84          87  0.99240891905882600     
          87          88  0.95607643316488511     
          87          89  0.97040055702536487     
          87          90  0.96902418912339661     
          90          91   1.6204648442765734     
          90          92   1.3245937073081329     
          91          92  0.19557544658083259     
          92          93  0.92039858313514311     
          92          94  0.91724071378269112     
          82          95  0.93484309032905666     
          95          96   1.6037018616467527     
          95          97   1.2915978214320476     
          96          97  0.18836212606961239     
          97          98  0.91089088745230651     
          97          99  0.98238078502608162     
          99         100  0.93054113418287099     
          99         101  0.98256183210146453     
         101         102  0.97267550591682850     
         101         103  0.97169207592571072     
         101         104   1.0098622826385337     
         104         105  0.96465473726982842     
         104         106  0.95811271163183176     
         104         107  0.92449313100867136     
         107         108   1.4854938461171063     
         107         109   1.4894555356887493     
         108         109  0.21001270250888732     
          99         110  0.94711935258883018     
         110         111   1.6152231962034631     
         110         112   1.3053421307422171     
         111         112  0.19428642666794563     
         112         113  0.90673541801175594     
         112         114  0.98073102822695368     
         114         115  0.94206065914698900     
         114         116  0.95783214538118178     
         116         117  0.96124949575489560     
         116         118   1.0091882942764863     
         118         119  0.98156177412976553     
         118         120  0.98377109070668711     
         118         121  0.98320916935156277     
         116         122   1.0069881033363932     
         122         123  0.98401513741242430     
         122         124  0.98535472290594461     
         122         125  0.98483397433347253     
         114         126  0.94805168812864438     
         126         127   1.6114548824471933     
         126         128   1.3145523344546535     
         127         128  0.19129066664211897     
         128         129  0.91204837532967808     
         128         130  0.98563572734163951     
         130         131  0.93100028569988535     
         130         132  0.93964088754993891     
         132         133  0.95896027563374409     
         132         134  0.99477000921632108     
         134         135  0.98432706851905560     
         134         136  0.98116886763807754     
         134         137  0.97999030558936040     
         132         138  0.99764083193777486     
         138         139  0.97571562192107475     
         138         140  0.96844053823106635     
         138         141   1.0137344970720763     
         141         142  0.98474944143165721     
         141         143  0.98554862783169672     
         141         144  0.98197024678924349     
         130         145  0.98669573054935567     
         145         146   1.8827614813680957     
         147         148  0.94843298953436062     
         147         149   1.0350876729891196     
         149         150  0.91417937605790867     
         149         151  0.93731673806676730     
         151         152  0.95428125561040589     
         151         153  0.97179625111562806     
         151         154   1.0140522334616435     
         154         155   1.3921437945554325     
         155         156  0.96639041460992969     
         155         157   1.4672589571354011     
         157         158  0.96527290766850249     
         157         159   1.3500447494904619     
         159         160   1.0608198647165161     
         160         161  0.87413889769124109     
         155         162  0.10278029139574665     
         159         162   1.3789942562654334     
         162         163  0.96663971883307298     
         154         164   1.4102162956499293     
         157         164  0.10792052966326220     
         162         164   1.4388694157293287     
         164         165  0.96508540732799819     
         149         166  0.98555749459522346     
         166         167   1.8764600989821068     
         168         169  0.92682767511290609     
         168         170   1.0267350628078256     
         170         171  0.95519166674851852     
         170         172  0.92698727362209399     
         172         173  0.96127641258549401     
         172         174  0.95898830137792967     
         172         175   1.0116434974619177     
         175         176   1.2578601600245825     
         176         177   1.5292796877315402     
         177         178  0.96389340375024535     
         176         179  0.10814437828728711     
         177         179   1.3047676332316438     
         179         180  0.92006089019462045     
         175         181   1.5647926520330815     
         177         181  0.10974902485051988     
         179         181   1.1840587103143163     
         181         182  0.96192240979936239     
         170         183  0.97943639761749246     
         183         184   1.8978868347448068     
         185         186  0.94023848039728675     
         185         187   1.0204813097153582     
         187         188  0.94883401348385377     
         187         189  0.93820700456816852     
         189         190  0.96142494593385841     
         189         191   1.0024725995263046     
         191         192  0.98108278831557127     
         191         193  0.97583909554938952     
         191         194  0.97959457161713170     
         189         195  0.99441750192455769     
         195         196  0.97598155062115133     
         195         197  0.96561742964132535     
         195         198   1.0189391219890982     
         198         199  0.98307568753337349     
         198         200  0.98596456725078008     
         198         201  0.97871417520118509     
         187         202  0.94795413959697827     
         202         203   1.6093240084470011     
         202         204   1.3089854637168781     
         203         204  0.19327633689661916     
         204         205  0.89664294472014816     
         204         206  0.97706696116465452     
         206         207  0.95548138013100692     
         206         208  0.95716647190750748     
         208         209  0.95035978488739736     
         208         210   1.0061910809877774     
         210         211  0.97934012355366806     
         210         212  0.98175588218561027     
         210         213  0.98343829910589342     
         208         214  0.98900215461915142     
         214         215  0.97511817590417005     
         214         216  0.97760944590781340     
         214         217   1.0133451547219452     
         217         218  0.98121200346364457     
         217         219  0.98699068827350478     
         217         220  0.98708914855833174     
         206         221  0.96841395910732941     
         221         222   1.8960384803325265     
          60         223  0.94033041868596867     
          78         224  0.93381997904994807     
          80         225  0.94722149132240707     
         145         226  0.93511305945545597     
         147         227  0.94574412525621854     
         166         228  0.93203969990136348     
         168         229  0.94017664769151832     
         183         230  0.93893364446321992     
         185         231  0.94335367943110060     
         221         232  0.93814700956823383     
