   -0.37076547
    0.16548269
    0.03912769
    0.07316498
   -0.07845908
    0.07339502
    0.05325099
   -0.00155417
   -0.04673340
    0.02732062
   -0.07074840
    0.01643642
    0.13747438
   -0.44104851
    0.33447816
   -0.07027321
    0.06029362
   -0.04328436
    0.05094902
    0.20768096
   -0.39099955
   -0.37887537
    0.15190978
    0.03947992
    0.06928232
   -0.07333343
    0.07123716
    0.05132754
    0.00622571
   -0.04666688
    0.04651825
   -0.03799682
    0.04564738
   -0.03826828
    0.04019336
   -0.03363130
    0.02888266
   -0.03711660
    0.01571191
    0.27100802
   -0.52969981
   -0.16467586
    0.20532393
    0.04377089
    0.10249149
   -0.08605670
    0.03718145
    0.05652179
    0.36774292
   -0.62234327
   -0.59560490
    0.20450053
   -0.37956684
   -0.37747327
    0.17025934
    0.03934995
    0.08411379
   -0.06814980
    0.06429334
    0.05548268
   -0.08024462
    0.06426930
    0.06331900
   -0.02410215
    0.08723037
    0.09103278
   -0.14227574
    0.22881393
    0.24121562
   -0.27348325
    0.24027988
    0.25715052
   -0.25253001
    0.23755889
    0.23129391
    0.19275816
   -0.41125575
   -0.37111324
    0.17320967
    0.04159250
    0.05400110
   -0.07569156
    0.05959938
    0.07759880
    0.01175531
   -0.04232938
    0.03306424
   -0.03386979
    0.02771231
   -0.03730305
    0.02749340
   -0.04121974
    0.03811804
   -0.04506219
    0.04615448
    0.20613473
   -0.37931589
   -0.37280939
    0.15818252
    0.02942419
    0.06409808
   -0.04920019
    0.03547987
    0.03442819
   -0.08199583
    0.01773046
    0.03005816
    0.36605076
   -0.66023332
   -0.66671471
    0.26270737
   -0.53967513
   -0.16998416
    0.20777641
    0.02142617
    0.07142942
   -0.01419724
    0.05547385
   -0.11111494
    0.04776618
    0.01520953
    0.06443658
   -0.11044791
    0.05894291
    0.03701686
    0.03817733
    0.27319923
   -0.51207765
   -0.15985740
    0.21765780
    0.03029461
    0.08973369
   -0.01660039
    0.05716298
   -0.12124644
    0.07203497
    0.04837729
    0.05356047
   -0.06534545
    0.04183141
    0.04370354
   -0.11745370
    0.04675146
    0.04833558
    0.04054386
    0.20320130
   -0.38181036
   -0.38053977
    0.16534422
    0.03442376
    0.08927832
   -0.07201276
    0.07105158
    0.05534495
    0.00674156
   -0.04435548
    0.05018772
   -0.06329007
    0.04361156
    0.13594209
   -0.45857350
    0.36335024
   -0.07796040
    0.04037151
   -0.04656656
    0.05066592
    0.19834433
   -0.40047371
   -0.36844803
    0.16498387
    0.04996469
    0.04414472
   -0.07472943
    0.06457007
    0.06871703
    0.04453328
   -0.32126212
    0.08316466
    0.04311702
   -0.11347483
    0.23186571
   -0.02926494
    0.04307436
    0.20543591
   -0.37145143
   -0.37447284
    0.17327729
    0.02988474
    0.05439897
   -0.03133619
    0.04823996
   -0.10841621
    0.04021911
    0.04531686
    0.02173681
   -0.05882141
    0.01604801
    0.03789593
   -0.11738316
    0.04015530
    0.04003307
    0.04707879
    0.27003314
   -0.52610224
   -0.16411346
    0.23146411
    0.03009119
    0.07916112
   -0.01729479
    0.06725335
   -0.11604640
    0.04266910
    0.04723117
    0.05787024
   -0.05537407
    0.02612923
    0.03149414
   -0.10519869
    0.04461366
    0.03604313
    0.03096581
    0.20590686
   -0.37150446
    0.19113941
    0.05255633
    0.17688330
    0.06540531
    0.17500059
    0.05327586
    0.20111215
    0.03828077
    0.18478608
    0.07462112
    0.17658129
    0.06492239
    0.17876227
    0.06908901
    0.17229735
    0.07312945
