           1           2  0.95711928198865637     
           1           3   1.0316849588342354     
           3           4  0.94324406926184756     
           3           5  0.92382447858952088     
           5           6  0.96577811123967350     
           5           7  0.96707469105921229     
           5           8   1.0121518680318820     
           8           9   1.4033285949837881     
           9          10  0.96897011619066342     
           9          11   1.4504489017916202     
          11          12  0.96812581155653321     
          11          13   1.3656133933957151     
          13          14   1.0789667391187880     
          14          15  0.82104246072550879     
           9          16  0.10954691075186442     
          13          16   1.3629484889180261     
          16          17  0.95304823400911742     
           8          18   1.4077790283052707     
          11          18  0.10366696161631760     
          16          18   1.4508155399121530     
          18          19  0.96627476361248532     
           3          20  0.99686416420794455     
          20          21   1.8708601193893226     
          22          23  0.95768912224080505     
          22          24   1.0205477932056599     
          24          25  0.95539208620291916     
          24          26  0.95945635344470670     
          26          27  0.96717190566231626     
          26          28  0.96133916896490734     
          26          29   1.0083636113648564     
          29          30   1.4055026528747701     
          30          31  0.96781990413109520     
          30          32   1.4435027682252513     
          32          33  0.97047463352593033     
          29          34  0.10515560156055846     
          32          34   1.4356570831472188     
          34          35  0.97179168498068902     
          30          36  0.11286282493800052     
          34          36   1.4394213916528475     
          36          37  0.97129711225278215     
          29          38   1.4195017644606236     
          32          38  0.11153936231613380     
          36          38   1.4321178148065474     
          38          39  0.96635648500708626     
          24          40  0.94297039860567933     
          40          41   1.6117590423825954     
          40          42   1.2984052844424103     
          41          42  0.18924440776920498     
          42          43  0.91506069036761950     
          42          44  0.98682515644292434     
          44          45  0.92445644492053347     
          44          46  0.94916910583827252     
          46          47  0.96940692086124702     
          46          48  0.95276166323382550     
          46          49  0.93152546193263730     
          49          50   1.4874028556169976     
          49          51   1.4784233054853699     
          50          51  0.21438972846830615     
          44          52  0.99961048414204290     
          52          53   1.8695607539914958     
          54          55  0.95660466152893220     
          54          56   1.0366294129224769     
          56          57  0.91700874808191601     
          56          58  0.96722204436325354     
          58          59  0.96971397814336302     
          58          60  0.97099642863923186     
          58          61   1.0035839179321926     
          61          62  0.97231549438792975     
          61          63  0.97011479876852069     
          61          64  0.99785323265538861     
          64          65  0.96507357410406291     
          64          66  0.96638600889719539     
          64          67  0.97849940504644783     
          67          68  0.91820648502164182     
          67          69   1.3010166578405846     
          67          70  0.10046228080583453     
          69          70   1.3372500670306846     
          70          71  0.91846249896267840     
          70          72  0.85102562806269488     
          69          73   1.3051437228060838     
          70          73  0.10440434554877705     
          73          74  0.92308088774713770     
          73          75  0.91999126046712598     
          56          76  0.97701161385945001     
          76          77   1.8628069757602121     
          78          79  0.95550378976961525     
          78          80   1.0120951487882346     
          80          81  0.96786056441003265     
          80          82  0.95025745836865871     
          82          83  0.96781038986040335     
          82          84  0.96017987036385899     
          82          85   1.0091634763335311     
          85          86   1.3988217148608897     
          86          87  0.96965827121434667     
          86          88   1.4504275485730229     
          88          89  0.97129308214953514     
          85          90  0.10793721648148635     
          88          90   1.4315264706770439     
          90          91  0.97080280881839021     
          86          92  0.11164081899050041     
          90          92   1.4422407348479966     
          92          93  0.97195014955686487     
          85          94   1.4118381310358403     
          88          94  0.10965783451358893     
          92          94   1.4363247883290291     
          94          95  0.96906222352293236     
          80          96  0.96395216347870061     
          96          97   1.8961639398969552     
          98          99  0.95090985827142405     
          98         100   1.0294287412388838     
         100         101  0.94360323234872179     
         100         102  0.97976480680519873     
         102         103  0.97333878786985562     
         102         104  0.97301741924348439     
         102         105   1.0049774503126254     
         105         106  0.96422367366680728     
         105         107  0.96825029939027674     
         105         108  0.93856700768311974     
         108         109   1.4887748390878515     
         108         110   1.4837779441553474     
         109         110  0.21298015247109667     
         100         111  0.93542852486346795     
         111         112   1.5982176476978396     
         111         113   1.3180335734278890     
         112         113  0.19372300580169188     
         113         114  0.90329198462517390     
         113         115  0.98068055723014946     
         115         116  0.94982628365612631     
         115         117  0.95098528702862484     
         117         118  0.96252718077413602     
         117         119   1.0048419678390570     
         119         120  0.98051542372812739     
         119         121  0.98194820661788607     
         119         122  0.97878160504825007     
         117         123   1.0101715866818257     
         123         124  0.98397478541714278     
         123         125  0.98391308444896464     
         123         126  0.98421830981942759     
         115         127  0.95051693394144088     
         127         128   1.6166259302992476     
         127         129   1.3078249951229908     
         128         129  0.19596670272487543     
         129         130  0.91069000139898271     
         129         131  0.97739322519209793     
         131         132  0.93880217232903684     
         131         133  0.94886396001149775     
         133         134  0.95930180478901805     
         133         135   1.0018640882631640     
         135         136  0.97629846341782867     
         135         137  0.98229249700540411     
         135         138  0.98138630952680517     
         133         139  0.99680981614731889     
         139         140  0.97445694048317211     
         139         141  0.96502808870127854     
         139         142   1.0141058980967279     
         142         143  0.98130043682994961     
         142         144  0.98603140373219400     
         142         145  0.98654904052191206     
         131         146  0.98230292693795074     
         146         147   1.8826952305067350     
         148         149  0.95596387780401748     
         148         150   1.0284638995623379     
         150         151  0.91088692196988452     
         150         152  0.96126366407903485     
         152         153  0.95119387770952357     
         152         154  0.96811232162996153     
         152         155   1.0102694774965615     
         155         156   1.4093317429314662     
         156         157  0.96755863377878193     
         156         158   1.4476299765965708     
         158         159  0.96977928257167778     
         158         160   1.3670867722500939     
         160         161   1.0696305978663143     
         161         162  0.84725587086695953     
         156         163  0.10369196305496571     
         160         163   1.3645576530321517     
         163         164  0.96597110373332251     
         155         165   1.3993752963897832     
         158         165  0.11012563510424890     
         163         165   1.4547866380741639     
         165         166  0.96479596866246908     
         150         167  0.98710961729320845     
         167         168   1.8663859322354404     
         169         170  0.93868842746835179     
         169         171   1.0245930672234955     
         171         172  0.96225394875273063     
         171         173  0.92295250243070381     
         173         174  0.96337151850764691     
         173         175  0.95858597676194401     
         173         176   1.0168307347388452     
         176         177   1.2557402649789104     
         177         178   1.5389604556714134     
         178         179  0.96389915690302952     
         177         180  0.10774800313769603     
         178         180   1.2882011015171848     
         180         181  0.91755338686996457     
         176         182   1.5708790916408000     
         178         182  0.11258215152963344     
         180         182   1.1982842375383889     
         182         183  0.96967479853253358     
         171         184  0.99042340137882023     
         184         185   1.8532302074358502     
         186         187  0.92724580486581543     
         186         188   1.0232424641777393     
         188         189  0.94815517967404539     
         188         190  0.95391307095268552     
         190         191  0.96354960845847470     
         190         192   1.0052179300686002     
         192         193  0.98110763876141727     
         192         194  0.97873195088989917     
         192         195  0.97825450070403142     
         190         196  0.99475537014648319     
         196         197  0.97805191332126684     
         196         198  0.97310578303220618     
         196         199   1.0172332314758046     
         199         200  0.98755227009104674     
         199         201  0.98727388684392203     
         199         202  0.98280261007675729     
         188         203  0.94511706286918784     
         203         204   1.6149224359984939     
         203         205   1.3036665151279014     
         204         205  0.19564724604298261     
         205         206  0.88470100713471034     
         205         207  0.98469746372513167     
         207         208  0.95275464767233509     
         207         209  0.93827693251724409     
         209         210  0.95644053567426313     
         209         211   1.0079710670027513     
         211         212  0.98076587550372019     
         211         213  0.98394533541004936     
         211         214  0.98153149628621206     
         209         215  0.99340540037565339     
         215         216  0.97169133579380285     
         215         217  0.97383500840573256     
         215         218   1.0139966227760613     
         218         219  0.98293987251068848     
         218         220  0.98706252614160339     
         218         221  0.98761719160607564     
         207         222  0.97895024284712573     
         222         223   1.8814744039232121     
           1         224  0.94738300854393598     
          20         225  0.93864380212494458     
          22         226  0.95518011163053873     
          52         227  0.93921753384457185     
          54         228  0.95420637300798683     
          76         229  0.93818840231170952     
          78         230  0.94356256780084946     
          96         231  0.94026056960710913     
          98         232  0.94823889630536418     
         146         233  0.93627639563270704     
         148         234  0.95346772054583040     
         167         235  0.93592374087858909     
         169         236  0.95173632069402836     
         184         237  0.93951968238490835     
         186         238  0.95449211325751138     
         222         239  0.93838899890543281     
