    0.27315102
   -0.11563230
    0.03875972
    0.08573161
   -0.07152126
    0.02243124
   -0.04147977
   -0.03822802
   -0.03581431
   -0.02530429
   -0.03290808
   -0.27347561
   -0.48221994
    0.33775316
   -0.12437062
    0.00872008
   -0.43883666
   -0.03424051
   -0.17074583
   -0.04313642
    0.02482796
   -0.28052211
    1.14375927
   -0.08504441
   -0.03117230
   -0.03839528
    0.03771327
   -0.03662884
   -0.02719989
   -0.66804860
   -0.62671547
   -0.13921245
    0.24834440
    0.04922614
    0.05418995
    0.08060774
    0.09540961
    0.04729343
    0.06348944
    0.05099881
    0.03013508
    0.03517645
    0.08063323
    0.06353835
    0.05543640
    0.04120155
    0.07108042
    0.09411657
    0.08784319
    0.10713154
    0.09509254
    0.10489326
    0.07736867
    0.08716883
    0.07795598
    0.04790580
    0.06332194
    0.09286334
    0.07065503
   -0.34596827
    0.17635426
    0.03282632
    0.06944808
   -0.06030924
    0.07080473
    0.06246648
   -0.10496357
    0.09564341
    0.07173260
    0.28849532
   -0.52593817
   -0.29950993
    0.23542711
    0.24376651
    0.26252171
   -0.50888617
   -0.17883796
    0.20885546
    0.02986025
    0.07234905
   -0.04947702
    0.04723557
    0.05001434
   -0.08967989
    0.04950386
    0.03936440
    0.36977333
   -0.63776135
   -0.63412331
    0.28330202
   -0.50872079
   -0.15429870
    0.20535114
    0.01787723
    0.07094725
   -0.01894528
    0.05635761
   -0.11594966
    0.05489866
    0.04750414
    0.03143798
   -0.11550780
    0.03693356
    0.04149636
    0.05210193
    0.27335235
   -0.49578179
   -0.15517800
    0.21315959
    0.02601941
    0.07610917
   -0.02131951
    0.05390105
   -0.11954327
    0.05369598
    0.05984498
    0.02847885
   -0.06773988
    0.04798215
    0.04704099
   -0.11981217
    0.02750594
    0.04802346
    0.05092682
    0.27534057
   -0.50681648
   -0.17101343
    0.23120559
    0.03254264
    0.09336033
   -0.07946190
    0.07889957
    0.07497941
   -0.08133446
    0.07072538
    0.07512254
   -0.02515095
    0.10387271
    0.09191241
   -0.14563544
    0.22843330
    0.23747613
   -0.26446760
    0.25020611
    0.25995358
   -0.27779652
    0.25397302
    0.26489523
    0.21530519
   -0.38853525
   -0.32408309
    0.19808385
    0.02854754
    0.07581374
   -0.14122993
    0.06545724
    0.05991493
    0.05502014
    0.26817227
   -0.50529637
   -0.16557043
    0.21899446
    0.02868010
    0.11730300
   -0.07463187
    0.07417293
    0.06860114
    0.00654900
   -0.03803859
    0.04877324
   -0.05698465
    0.03066043
    0.13735460
   -0.45620544
    0.37394970
   -0.07523680
    0.05746176
   -0.04867267
    0.06405672
    0.20540114
   -0.38469572
   -0.31376977
    0.19677737
    0.04155276
    0.07461599
   -0.07444962
    0.06496094
    0.07669607
    0.04535967
   -0.31418940
    0.08122358
    0.05069752
   -0.09526105
    0.22651039
   -0.03539423
    0.06318131
    0.20602481
   -0.35011615
   -0.31695017
    0.18950013
    0.03068703
    0.07408981
   -0.01875410
    0.06517359
   -0.11791500
    0.05848586
    0.04637753
    0.04153817
   -0.06525446
    0.03506800
    0.03532985
   -0.12181569
    0.03558886
    0.04970700
    0.05540189
    0.21309884
   -0.38190159
    0.17973916
    0.07253659
    0.20420716
    0.08374169
    0.20373619
    0.07415389
    0.21353547
    0.06864840
