    0.28510967
   -0.07367725
    0.09894739
    0.06504848
   -0.08100696
    0.03182232
   -0.04052858
   -0.02834248
   -0.02739980
   -0.03020036
   -0.03792019
   -0.22814872
   -0.42941129
    0.35235963
   -0.13377380
   -0.00164707
   -0.39576670
   -0.05379906
    0.02133636
   -0.06702832
    0.01876594
   -0.26319597
    1.15338538
   -0.09048998
   -0.02813438
   -0.03629848
    0.03744234
   -0.03807833
   -0.03173387
   -0.65380727
   -0.64711682
   -0.13879998
    0.27698736
    0.07115523
    0.08616101
    0.16286850
    0.12704740
    0.08081166
    0.06118610
    0.05244073
    0.05062164
    0.05527015
    0.05914128
    0.07109774
    0.07462241
    0.06448991
    0.08038786
    0.11271133
    0.10882470
    0.12866893
    0.12707685
    0.11977701
    0.07029946
    0.08761204
    0.08312834
    0.05246530
    0.06831871
    0.08227546
    0.07664101
