           1           2   1.1379364668781433     
           2           3   1.2924727787793289     
           3           5   1.0641794396239117     
           5           6  0.95773712463942950     
           6           7   1.3966315814415675     
           7           8   1.4339522228129333     
           8           9   1.4251378660048544     
           7          10  0.10531987497229460     
           9          10   1.4231397471949105     
           6          11   1.3969845500806075     
           8          11  0.10503710792722416     
          10          11   1.4351378470236398     
           4          12  0.92920507712395428     
          12          13  0.18082169831129846     
           3          14   1.0394115939350885     
          12          14   1.1410602070038602     
          13          14   1.6481405368153468     
           4          15   1.0111635390467928     
           1          17   1.7421507683654751     
           2          17  0.10605464032311263     
          16          18  0.99556797040788592     
          18          19  0.98815460321977200     
          19          20  0.99920165783617043     
           1          21  0.94226587090775304     
          20          21  0.98651036319663210     
          16          22  0.98705302171633214     
          21          22  0.97952903157581894     
          22          23  0.89229312822648132     
          23          24  0.74692606792068417     
          24          25   1.4035524303459008     
          25          26   1.4439494049404213     
          26          27   1.3972819833212542     
          25          28  0.10466170033858779     
          27          28   1.3948855350211824     
          24          29   1.4065783763790178     
          26          29  0.10470971776742974     
          28          29   1.4438470205291201     
          23          30   1.5451941988401070     
          23          31   1.5664328092621840     
          30          31  0.10291664869787440     
          27          32   1.0293326395284133     
           2          33  0.87097788856299707     
           4          34  0.96271451404412223     
           4          35  0.95331185352821290     
           5          36  0.92117148073347122     
           5          37  0.90942215940372662     
           7          38  0.96556465529055080     
           8          39  0.96394674580821582     
           9          40  0.96764688865828352     
          10          41  0.96792032570613962     
          11          42  0.96396104160387686     
          15          43  0.98062569227623353     
          15          44  0.98270561033166615     
          15          45  0.98415103912350310     
          16          46  0.96137106616830936     
          16          47  0.95051367524452646     
          18          48  0.95745446004981727     
          18          49  0.96438672663998282     
          20          50  0.94686676786940749     
          20          51  0.95126687844105939     
          21          52  0.90588997407240579     
          25          53  0.96488248967970636     
          26          54  0.96289330874319434     
          28          55  0.96215553927400510     
          29          56  0.96241047205206742     
          32          57  0.94744424181856224     
          32          58  0.97713428276268366     
          32          59  0.97918106351381262     
