    0.28374199
   -0.06401375
    0.10085230
    0.06855274
   -0.08134257
    0.03058243
   -0.03908862
   -0.02985404
   -0.02848067
   -0.02596905
   -0.03701197
   -0.24222836
   -0.41872114
    0.35613740
   -0.13797462
    0.00040941
   -0.40143268
   -0.05296387
    0.03612748
   -0.06723301
    0.02763130
   -0.26956165
    1.15969971
   -0.08864947
   -0.02988401
   -0.03142307
    0.03977108
   -0.03917702
   -0.03673014
   -0.66016928
   -0.63531942
   -0.13786336
    0.27407682
    0.07434317
    0.08324664
    0.14115289
    0.11698466
    0.05094644
    0.05490826
    0.06021636
    0.05848553
    0.06179197
    0.06747339
    0.06686523
    0.07351643
    0.06176001
    0.07175565
    0.11558734
    0.10856834
    0.12915988
    0.11969099
    0.12071388
    0.08430653
    0.09644553
    0.07193201
    0.06410143
    0.06602390
    0.07127365
    0.08625899
