           1           2   1.1314766363366813     
           2           3   1.2941890532433931     
           3           5   1.0601557900578320     
           5           6  0.93714529493780929     
           6           7   1.3963048629168813     
           7           8   1.4370879160151702     
           8           9   1.4295228936230118     
           7          10  0.10729426409382452     
           9          10   1.4273027845873074     
           6          11   1.4012323584334059     
           8          11  0.10500366987238149     
          10          11   1.4330923347233899     
           4          12  0.92736499552572316     
          12          13  0.17976434685005699     
           3          14   1.0247782912524375     
          12          14   1.1176220469453888     
          13          14   1.6912090932637844     
           4          15   1.0147088544045528     
           1          17   1.7259114172837460     
           2          17  0.10477711315047240     
          16          18  0.99883682191052447     
          18          19  0.99449436246252476     
          19          20   1.0005658703130589     
           1          21  0.94928010691932685     
          20          21  0.98645619472337165     
          16          22  0.98249097000437546     
          21          22  0.98858992815818914     
          22          23  0.88684803444266935     
          23          24  0.72646935122911271     
          24          25   1.4077808205204374     
          25          26   1.4445152129055503     
          26          27   1.3959601058818216     
          25          28  0.10392632698619944     
          27          28   1.3991289025623246     
          24          29   1.4071241645143435     
          26          29  0.10469275109653092     
          28          29   1.4445136675750729     
          23          30   1.5564753673697544     
          23          31   1.5588967530929816     
          30          31  0.10160322861168770     
          27          32   1.0302574169948224     
           2          33  0.87417367086026920     
           4          34  0.95823690574033349     
           4          35  0.96270517934050781     
           5          36  0.94496173077993340     
           5          37  0.90983910055402495     
           7          38  0.96662107473785497     
           8          39  0.96668183216955594     
           9          40  0.96754815018609275     
          10          41  0.96398481499394628     
          11          42  0.96557126291320694     
          15          43  0.98369542737111426     
          15          44  0.98377920110995676     
          15          45  0.98163881154449573     
          16          46  0.96435639331908130     
          16          47  0.95738172013107536     
          18          48  0.95163127937898839     
          18          49  0.96183145922928692     
          20          50  0.94615986819699738     
          20          51  0.95047227199013373     
          21          52  0.90029075191500185     
          25          53  0.95957339257398966     
          26          54  0.96042928787549942     
          28          55  0.96386986664507612     
          29          56  0.96628747749989985     
          32          57  0.98326465227385684     
          32          58  0.96621064723197903     
          32          59  0.95994345020434935     
