    0.27835271
   -0.07978906
    0.09746918
    0.07074741
   -0.07781091
    0.03970609
   -0.03624267
   -0.03276600
   -0.02748709
   -0.02684678
   -0.03270653
   -0.24063848
   -0.43058513
    0.34952314
   -0.13724494
   -0.00305059
   -0.39551307
   -0.05472134
    0.03049654
   -0.07047205
    0.02394267
   -0.26581790
    1.15152160
   -0.09078180
   -0.03324765
   -0.03538757
    0.04029636
   -0.03723008
   -0.02873508
   -0.65162125
   -0.66116555
   -0.14262612
    0.27971145
    0.08406428
    0.08212075
    0.13240416
    0.13782206
    0.05219651
    0.06123608
    0.05765975
    0.05106704
    0.06152529
    0.06853104
    0.06846848
    0.06877308
    0.05970492
    0.07970413
    0.12316107
    0.12121625
    0.13039839
    0.12379566
    0.11529494
    0.07055928
    0.09355704
    0.08304240
    0.06167964
    0.07533492
    0.08761725
    0.07978605
