    0.28128180
   -0.06906655
    0.09362429
    0.06966824
   -0.07725041
    0.03400152
   -0.03319641
   -0.03037943
   -0.03004876
   -0.03112502
   -0.03668425
   -0.24736397
   -0.42863652
    0.34996353
   -0.12943024
   -0.00668035
   -0.39454501
   -0.05467003
    0.06127686
   -0.06847276
    0.01638287
   -0.24608956
    1.15276982
   -0.09448770
   -0.03302075
   -0.03667583
    0.04024800
   -0.03222019
   -0.02944562
   -0.65754204
   -0.64217961
   -0.13510186
    0.28410046
    0.07970709
    0.09573949
    0.12282252
    0.12996928
    0.06272492
    0.06153235
    0.05063684
    0.05664960
    0.05585232
    0.05984707
    0.06350244
    0.06228323
    0.06844947
    0.08315614
    0.11418563
    0.12297422
    0.13060073
    0.12052389
    0.11443810
    0.07862659
    0.09004619
    0.07532659
    0.05244095
    0.05857605
    0.06578814
    0.08459564
