           1           2   1.1479816641522147     
           2           3   1.2965154147357205     
           3           5   1.0752561994869143     
           5           6  0.92532025936877615     
           6           7   1.4100203265734854     
           7           8   1.4325716477414121     
           6           9  0.10368138498484163     
           8           9   1.4251532422433897     
           7          10  0.10605642757901489     
           9          10   1.4388105580261947     
           6          11   1.4075352172546787     
           8          11  0.10754394208497373     
          10          11   1.4273272802177424     
           4          12  0.92726374211888085     
          12          13  0.18738995468327965     
           3          14   1.0333087145126141     
          12          14   1.1461156460523891     
          13          14   1.6538467092485563     
           4          15   1.0074538140648812     
           1          17   1.7360607611393879     
           2          17  0.11480945977776724     
          16          18   1.0018679575686769     
          18          19  0.99411442383175752     
          19          20  0.99884187506573019     
           1          21  0.93342810868771342     
          20          21  0.98432924900511010     
          16          22  0.98468617742307130     
          21          22  0.97580540158460882     
          22          23  0.89841243893997857     
          23          24  0.74392792130578322     
          24          25   1.3981150523052230     
          25          26   1.4551441077421379     
          24          27  0.10292143901573252     
          26          27   1.3959105482266243     
          25          28  0.10391699717925224     
          27          28   1.3988374311776117     
          24          29   1.4049678858434835     
          26          29  0.10227131243719428     
          28          29   1.4499072721731756     
          23          30   1.5382122917405820     
          23          31   1.5532938785829509     
          30          31  0.10507627304097245     
          27          32   1.0306790606145011     
           2          33  0.85563005663836633     
           4          34  0.95816842365217325     
           4          35  0.96347731670806958     
           5          36  0.93724331874268663     
           5          37  0.92090984154663025     
           7          38  0.96309996162249023     
           8          39  0.96635874060617410     
           9          40  0.96725296523145321     
          10          41  0.96621718661103229     
          11          42  0.96656605600415213     
          15          43  0.97782110832962665     
          15          44  0.98354959499996075     
          15          45  0.97953991528371176     
          16          46  0.94879539956029091     
          16          47  0.94952819418736933     
          18          48  0.94586896192600767     
          18          49  0.95529171741373187     
          20          50  0.94472738604078421     
          20          51  0.95387818368148725     
          21          52  0.92848528499596461     
          25          53  0.96183448408820127     
          26          54  0.96102249938562245     
          28          55  0.96297134665853523     
          29          56  0.96399329368330622     
          32          57  0.97491354964985899     
          32          58  0.97713343586963108     
          32          59  0.95730378584139308     
