    0.28011935
   -0.07637287
    0.09524698
    0.06846386
   -0.07664809
    0.03348688
   -0.03251495
   -0.03155408
   -0.02661436
   -0.02961579
   -0.03279213
   -0.24943281
   -0.41399071
    0.35138629
   -0.13446362
   -0.00040244
   -0.41008050
   -0.05093706
    0.02401101
   -0.06484300
    0.02625561
   -0.25168364
    1.14739365
   -0.08421144
   -0.03394243
   -0.04058750
    0.03241286
   -0.04069966
   -0.02827092
   -0.64305977
   -0.64501515
   -0.13841164
    0.26761916
    0.07990875
    0.07575501
    0.12723423
    0.13505404
    0.04969650
    0.05772284
    0.05320210
    0.07086657
    0.06002101
    0.06967419
    0.06392435
    0.06499717
    0.05945363
    0.08345674
    0.11682349
    0.11138848
    0.14023111
    0.12637584
    0.13567005
    0.08089582
    0.09141658
    0.07350414
    0.05612091
    0.06953736
    0.07812612
    0.07869184
