           1           2   1.1881837666999222     
           2           3   1.1894160881056330     
           3           5   1.0210691563377277     
           5           6  0.96551731520559969     
           6           7   1.4156182790112140     
           7           8   1.4328612841200434     
           6           9  0.10293310237844468     
           8           9   1.4366736602723953     
           7          10  0.11072597953722142     
           9          10   1.4351906160174810     
           6          11   1.4068187559731762     
           8          11  0.11394242184688268     
          10          11   1.4365285370756795     
           4          12  0.93539349116480142     
          12          13  0.13630236599995044     
           3          14   1.1110422016067258     
          12          14   1.0827622820286045     
          13          14   1.5921561334146928     
           4          15   1.0130685434883457     
           1          17   1.6492985636325754     
           2          17  0.13901745478714428     
          16          18  0.99993456748538423     
          18          19  0.99249969740207178     
          19          20  0.99405584796921498     
           1          21  0.93669787162609819     
          20          21  0.99312649257081975     
          16          22  0.98291239266125841     
          21          22  0.97980479037932944     
          22          23  0.88740414257343880     
          23          24  0.73529550733597704     
          24          25   1.3921791930378222     
          25          26   1.4612754735049758     
          24          27  0.10028908657955456     
          26          27   1.3813598037485768     
          25          28  0.10427978297163891     
          27          28   1.4120225306175691     
          24          29   1.4184928017576925     
          26          29  0.10463686533358942     
          28          29   1.4312136685199337     
          23          30   1.5382240516880941     
          23          31   1.5549726843861775     
          30          31  0.10370179389719378     
          27          32   1.0365627655263507     
           2          33  0.85477162786145156     
           4          34  0.96440585720019134     
           4          35  0.96687569008194785     
           5          36  0.96239604832865200     
           5          37  0.95343360118934128     
           7          38  0.96695162424759262     
           8          39  0.96117115703444711     
           9          40  0.96572139054108608     
          10          41  0.96215292039662481     
          11          42  0.96817500712745053     
          15          43  0.98340044640818136     
          15          44  0.98506692623295111     
          15          45  0.98539172355978910     
          16          46  0.96897721569311690     
          16          47  0.96053649536419816     
          18          48  0.97164920489800499     
          18          49  0.96494999814146942     
          20          50  0.96612772663794211     
          20          51  0.96326918174626275     
          21          52  0.92632746601643712     
          25          53  0.96421947169759670     
          26          54  0.96214467490532218     
          28          55  0.96251562630905818     
          29          56  0.96615981258134553     
          32          57  0.97674959232706371     
          32          58  0.95079344911281582     
          32          59  0.97304767810467618     
          60          61  0.95036891189108541     
          60          62   1.0289912063698472     
          62          63  0.95172273090722170     
          62          64  0.92520755560669665     
          64          65  0.96257470222303976     
          64          66  0.96116469858646503     
          64          67   1.0120661717464199     
          67          68   1.3929112268690254     
          68          69  0.96729710918124523     
          68          70   1.4629297013945386     
          70          71  0.96719479957686127     
          70          72   1.3505508124785011     
          72          73   1.0904831711257563     
          73          74  0.83802036301690030     
          68          75  0.10282534317965529     
          72          75   1.3577216375400600     
          75          76  0.96639647746214385     
          67          77   1.3996088546629544     
          70          77  0.10327332543955360     
          75          77   1.4554535499486059     
          77          78  0.96512297326330465     
          62          79  0.98020544277312760     
          79          80   1.9006254686924620     
          81          82  0.94429660670365823     
          81          83   1.0188403105804189     
          83          84  0.95699937838709026     
          83          85  0.96215616723919650     
          85          86  0.96403949081072937     
          85          87  0.96037705896300229     
          85          88   1.0092686789871954     
          88          89   1.4106380852844020     
          89          90  0.96932956669627202     
          89          91   1.4380865439982986     
          91          92  0.96970012614218537     
          88          93  0.10925115167434525     
          91          93   1.4402530431879423     
          93          94  0.96947926234340109     
          89          95  0.11052335286349134     
          93          95   1.4311190145531534     
          95          96  0.96936256791724118     
          88          97   1.4054345621614468     
          91          97  0.11104620598301454     
          95          97   1.4467298523860459     
          97          98  0.96948504799985014     
          83          99  0.93090482839165134     
          99         100   1.6261789509969100     
          99         101   1.3041802928476982     
         100         101  0.19454614702480874     
         101         102  0.90830570237070896     
         101         103  0.98473214042609747     
         103         104  0.92343019322056241     
         103         105  0.94405926353219949     
         105         106  0.97578397884514378     
         105         107  0.95639844512892247     
         105         108  0.94583901048580454     
         108         109   1.4980781630659981     
         108         110   1.4628326442983051     
         109         110  0.21436310702070632     
         103         111   1.0010059417278594     
         111         112   1.8892141390880519     
         113         114  0.94801352863856869     
         113         115   1.0300166829592077     
         115         116  0.92619935370977302     
         115         117  0.96816071761596878     
         117         118  0.96938455834982107     
         117         119  0.96257225577454075     
         117         120   1.0029575301769666     
         120         121  0.97150912798648115     
         120         122  0.97081131937392084     
         120         123  0.99705176534935569     
         123         124  0.96307741976963201     
         123         125  0.96605504662458674     
         123         126  0.98558799078362702     
         126         127  0.91514543137278892     
         126         128   1.2902701790820028     
         128         129   1.3265413803903345     
         129         130  0.91846155337040936     
         129         131  0.86912961446320658     
         126         132  0.10038510444280861     
         128         132   1.3270593404170534     
         129         132  0.10602353363809154     
         132         133  0.91550225160801679     
         132         134  0.86768324468758096     
         115         135  0.96227949870955165     
         135         136   1.8808978124738742     
         137         138  0.94567912706467649     
         137         139   1.0281552050992937     
         139         140  0.93590530084557744     
         139         141  0.94342059143949208     
         141         142  0.96202591617884414     
         141         143  0.96384216366671471     
         141         144   1.0036699301541601     
         144         145   1.3986717657585406     
         145         146  0.96904633744801127     
         145         147   1.4520241406067256     
         147         148  0.96595951060453955     
         144         149  0.11088089086741205     
         147         149   1.4318717987430469     
         149         150  0.96513145609866768     
         145         151  0.11346597776037434     
         149         151   1.4398003830201567     
         151         152  0.97130020127620653     
         144         153   1.4208580852608688     
         147         153  0.10707502394604307     
         151         153   1.4366472738414799     
         153         154  0.96878605498311465     
         139         155  0.97280482480019359     
         155         156   1.8972800218090444     
         157         158  0.94932642668596967     
         157         159   1.0240304537338378     
         159         160  0.94192683228866669     
         159         161  0.97569558880492857     
         161         162  0.97274823565405921     
         161         163  0.96992569297885922     
         161         164   1.0035330618793186     
         164         165  0.97431394722262732     
         164         166  0.95715714766202209     
         164         167  0.93902563083189095     
         167         168   1.4823756891081352     
         167         169   1.4829060672150929     
         168         169  0.20914788523563915     
         159         170  0.93332131732242951     
         170         171   1.6031373837782483     
         170         172   1.3156878024714354     
         171         172  0.19166929941462912     
         172         173  0.90931169031817172     
         172         174  0.98451311883771253     
         174         175  0.93965827223948239     
         174         176  0.95708063054391279     
         176         177  0.96063870502210413     
         176         178   1.0053119296239188     
         178         179  0.98377122719458909     
         178         180  0.97560896795039398     
         178         181  0.97490584698017380     
         176         182   1.0075206113239548     
         182         183  0.98041099901642559     
         182         184  0.98383611304399865     
         182         185  0.98052751480211298     
         174         186  0.94259216033803506     
         186         187   1.6158140248976942     
         186         188   1.3122255190071688     
         187         188  0.19168111067402213     
         188         189  0.90551320820722381     
         188         190  0.97228507352533133     
         190         191  0.94817103629382848     
         190         192  0.93794052251554572     
         192         193  0.96535263499451185     
         192         194  0.99514844739958652     
         194         195  0.97658258021732758     
         194         196  0.97519796554568838     
         194         197  0.97683503380405912     
         192         198  0.99578599186385752     
         198         199  0.97591015151571958     
         198         200  0.97245593570759836     
         198         201   1.0176145910952061     
         201         202  0.98480138284518126     
         201         203  0.98433140012050180     
         201         204  0.98467349164833629     
         190         205  0.98524048833153044     
         205         206   1.8898743144745860     
         207         208  0.94881763539827113     
         207         209   1.0316484774400685     
         209         210  0.93185191238247955     
         209         211  0.95623451433413720     
         211         212  0.95842710494938754     
         211         213  0.96586082063216350     
         211         214   1.0072645743024951     
         214         215   1.4114860666893345     
         215         216  0.96559594421042050     
         215         217   1.4458608702063485     
         217         218  0.96538513370434020     
         217         219   1.3726527510095579     
         219         220   1.0678959563254946     
         220         221  0.85642966258597752     
         215         222  0.10642071243766177     
         219         222   1.3672825691760560     
         222         223  0.96373363720299499     
         214         224   1.4001255318888697     
         217         224  0.10834454464574984     
         222         224   1.4530438977822093     
         224         225  0.96442340962525142     
         209         226  0.97052204090495009     
         226         227   1.8736548682987735     
         228         229  0.91625382307259384     
         228         230   1.0307835438008934     
         230         231  0.95574926871850963     
         230         232  0.92274329910946506     
         232         233  0.96596633615430094     
         232         234  0.96499114873301128     
         232         235   1.0100355504283847     
         235         236   1.2808286209739570     
         236         237   1.5120337704803590     
         237         238  0.96370244682909134     
         236         239  0.10348209210547477     
         237         239   1.3040882045313720     
         239         240  0.92233392047957419     
         235         241   1.5559674864468278     
         237         241  0.12437474560814775     
         239         241   1.1915618479943748     
         241         242  0.95846157210550020     
         230         243  0.99213896180295513     
         243         244   1.8776693399849758     
         245         246  0.94304573317325335     
         245         247   1.0274634453090643     
         247         248  0.93931503682416306     
         247         249  0.95256195291564205     
         249         250  0.96360944574297136     
         249         251   1.0057059761138885     
         251         252  0.98039464011075372     
         251         253  0.97690721018213278     
         251         254  0.97742004835633334     
         249         255  0.99355121771566501     
         255         256  0.97517302788554205     
         255         257  0.96980504200014550     
         255         258   1.0171701959110726     
         258         259  0.98728182291414346     
         258         260  0.98591501699689221     
         258         261  0.98497425096793423     
         247         262  0.93226995342165864     
         262         263   1.6194495132352680     
         262         264   1.3028127608296109     
         263         264  0.19351939721986616     
         264         265  0.89864879166353928     
         264         266  0.97966156947633753     
         266         267  0.95196826827230741     
         266         268  0.94098452606925076     
         268         269  0.95256530816860663     
         268         270   1.0048865733092365     
         270         271  0.98330354020662281     
         270         272  0.97952371944551198     
         270         273  0.98437919856124134     
         268         274  0.99621522448979216     
         274         275  0.96493935579774925     
         274         276  0.97377988275859473     
         274         277   1.0131921186709740     
         277         278  0.98304359043516187     
         277         279  0.98663663580457184     
         277         280  0.98376703708962621     
         266         281  0.98075471062737263     
         281         282   1.8908593620741334     
          60         283  0.94382330885756782     
          79         284  0.93625349041424277     
          81         285  0.94665078036656314     
         111         286  0.93695885358750042     
         113         287  0.94774494111883834     
         135         288  0.93350869549128768     
         137         289  0.95044479226568512     
         155         290  0.93532526721437748     
         157         291  0.95035745705138175     
         205         292  0.93677062646644171     
         207         293  0.95184523188885228     
         226         294  0.93472848118319773     
         228         295  0.95116262268190388     
         243         296  0.94008675368389161     
         245         297  0.94242083297516810     
         281         298  0.93719142703777081     
