           1           2  0.95688476525558852     
           1           3   1.0296385795362473     
           3           4  0.95256380745569547     
           3           5  0.94695861457901032     
           5           6  0.96820280385941104     
           5           7  0.96437892302346029     
           5           8   1.0103020704402845     
           8           9   1.4083148827590404     
           9          10  0.96709946619200005     
           9          11   1.4459135808345163     
          11          12  0.97076096071368911     
           8          13  0.10757728248185910     
          11          13   1.4347850100677029     
          13          14  0.97301142888454284     
           9          15  0.11171677356218640     
          13          15   1.4377432315309859     
          15          16  0.97175600386165573     
           8          17   1.4151474164711872     
          11          17  0.11110590612356691     
          15          17   1.4391191544781263     
          17          18  0.96645231189831404     
           3          19  0.94571997381080730     
          19          20   1.6098407307060845     
          19          21   1.2985337423968182     
          20          21  0.19123964448562167     
          21          22  0.91560688318904337     
          21          23  0.98914689896451236     
          23          24  0.93911779278218999     
          23          25  0.95059870027142712     
          25          26  0.96791871982992994     
          25          27  0.95295060046887903     
          25          28  0.93769584767193415     
          28          29   1.4833479829604528     
          28          30   1.4924193811367312     
          29          30  0.21622887720903430     
          23          31  0.99070053976794981     
          31          32   1.8904121464837957     
          33          34  0.95511594267817013     
          33          35   1.0215447551662544     
          35          36  0.93077064853281599     
          35          37  0.98695031447909010     
          37          38  0.97003684612177166     
          37          39  0.97351515855988369     
          37          40  0.99064939315600076     
          40          41  0.96873083275181793     
          40          42  0.95993610678507391     
          40          43  0.97397088103407992     
          43          44   1.6249311283892407     
          43          45   1.3140197210342039     
          44          45  0.19465574173915434     
          45          46  0.91838650702728697     
          45          47  0.91692486479242008     
          35          48  0.93645900906428858     
          48          49   1.6249803145964006     
          48          50   1.2813390799540916     
          49          50  0.18058136648160308     
          50          51  0.90972439427054053     
          50          52  0.98046482903508347     
          52          53  0.95480632587312586     
          52          54  0.97780400350280727     
          54          55  0.97226965821898326     
          54          56  0.97018183399222779     
          54          57  0.99996384083886369     
          57          58  0.97974922007981702     
          57          59  0.95764368085912677     
          57          60  0.93909782628008720     
          60          61   1.4847157762501726     
          60          62   1.4830055419098538     
          61          62  0.21311596528740442     
          52          63  0.93683245779463142     
          63          64   1.6121385298336748     
          63          65   1.3165572648154773     
          64          65  0.19370778931059468     
          65          66  0.91111866777747397     
          65          67  0.97885644845285591     
          67          68  0.93495092560244009     
          67          69  0.96413338455065289     
          69          70  0.96173948786908636     
          69          71   1.0043752959587386     
          71          72  0.98566597626548813     
          71          73  0.98506848128600744     
          71          74  0.98464039762811761     
          69          75   1.0071644407217255     
          75          76  0.97906207530254574     
          75          77  0.98361330860654406     
          75          78  0.98182348675235753     
          67          79  0.94911350330773092     
          79          80   1.6073367226437527     
          79          81   1.3116546603976071     
          80          81  0.19357561713545626     
          81          82  0.91780165233922628     
          81          83  0.97104986120178571     
          83          84  0.93798813986801999     
          83          85  0.93717690414106114     
          85          86  0.95627048095041833     
          85          87  0.99966836381743496     
          87          88  0.98137904250088237     
          87          89  0.98298518390588097     
          87          90  0.97907629120365658     
          85          91  0.99912998279063259     
          91          92  0.97335585921788514     
          91          93  0.97097429038831140     
          91          94   1.0154599416442789     
          94          95  0.98625773327506083     
          94          96  0.98543785486070146     
          94          97  0.98650649431567972     
          83          98  0.99009799079127714     
          98          99   1.8803813772412528     
         100         101  0.95299278739151994     
         100         102   1.0326663045975395     
         102         103  0.92431456749919860     
         102         104  0.95595498651311051     
         104         105  0.95863669242147909     
         104         106  0.97020643418134023     
         104         107   1.0078956937773382     
         107         108   1.4042049333338746     
         108         109  0.96906904433423546     
         108         110   1.4538736290267655     
         110         111  0.96700688435914106     
         110         112   1.3647413443717977     
         112         113   1.0580359804203221     
         113         114  0.84522595460245376     
         108         115  0.10828010978876633     
         112         115   1.3759603033536436     
         115         116  0.96822942585976135     
         107         117   1.4121619830572547     
         110         117  0.10787724587270210     
         115         117   1.4362374209782005     
         117         118  0.96618252923535142     
         102         119  0.98388122003108136     
         119         120   1.8780170132160561     
         121         122  0.92018037983372269     
         121         123   1.0151301836551452     
         123         124  0.95867803616344072     
         123         125  0.93661281773405047     
         125         126  0.96429088470676294     
         125         127  0.95818015758293285     
         125         128   1.0131147479462781     
         128         129   1.2584036240245595     
         129         130   1.5371976225311679     
         130         131  0.96380687206914284     
         129         132  0.10837613744198724     
         130         132   1.2824300142000715     
         132         133  0.92159767423809114     
         128         134   1.5711311083702635     
         130         134  0.11518138733844274     
         132         134   1.2009009563437689     
         134         135  0.96532412948838375     
         123         136  0.98698697118493195     
         136         137   1.8741210412664795     
         138         139  0.95227158081441787     
         138         140   1.0203788479133815     
         140         141  0.94708032458159275     
         140         142  0.95550267497276054     
         142         143  0.96316447439646480     
         142         144   1.0071998893089884     
         144         145  0.98138284974739931     
         144         146  0.98490185951370002     
         144         147  0.98023070523463018     
         142         148  0.99418196153381155     
         148         149  0.97452521802746273     
         148         150  0.97588322461352961     
         148         151   1.0185556102398006     
         151         152  0.98658892814022603     
         151         153  0.98547691830815043     
         151         154  0.98619193801341032     
         140         155  0.95449216863578112     
         155         156   1.6037969335823963     
         155         157   1.3052044788207566     
         156         157  0.18536038741186814     
         157         158  0.89031094330686233     
         157         159  0.96679091495525626     
         159         160  0.95995712890345064     
         159         161  0.95584506726728602     
         161         162  0.95431973133095149     
         161         163   1.0049785220255842     
         163         164  0.98195467461237784     
         163         165  0.97673719353179367     
         163         166  0.97964702138361803     
         161         167  0.99811024053482911     
         167         168  0.97244611507840384     
         167         169  0.97671108548657903     
         167         170   1.0111986704424569     
         170         171  0.98464299688137169     
         170         172  0.98412197014476943     
         170         173  0.98000766890794511     
         159         174  0.96851239225518582     
         174         175   1.8887264321789905     
           1         176  0.94840103981043855     
          31         177  0.93952239792435988     
          33         178  0.96216848644937591     
          98         179  0.93452900058613153     
         100         180  0.95316002468070815     
         119         181  0.93369781393545037     
         121         182  0.95696049271052119     
         136         183  0.93961489656419805     
         138         184  0.95379402482216102     
         174         185  0.93615500859236822     
