   -0.36143508
    0.16518957
    0.04162942
    0.06170125
   -0.07812743
    0.07154968
    0.05043238
    0.00087639
   -0.03972346
    0.01898618
   -0.06912024
    0.02404701
    0.14032522
   -0.44408363
    0.34417613
   -0.06668095
    0.05413249
   -0.04661410
    0.04743722
    0.20864972
   -0.37133726
   -0.37012403
    0.15490137
    0.04099973
    0.07164678
   -0.07329182
    0.06376184
    0.04949210
    0.00668898
   -0.04459783
    0.04117328
   -0.04057530
    0.04480501
   -0.03773847
    0.03022913
   -0.03758139
    0.03262594
   -0.03977141
    0.01743144
    0.27053491
   -0.53422458
   -0.15678174
    0.19699439
    0.03844684
    0.10611725
   -0.08147016
    0.03474438
    0.06395334
    0.35883788
   -0.61633824
   -0.61193301
    0.20728591
   -0.37769801
   -0.36873892
    0.17498929
    0.03231928
    0.09509864
   -0.07101744
    0.05891361
    0.05701885
   -0.08101277
    0.06697455
    0.05738033
   -0.02127405
    0.08290691
    0.08197913
   -0.14517958
    0.23180579
    0.24224473
   -0.25150027
    0.23860700
    0.23846367
   -0.26155662
    0.23074370
    0.24821888
    0.19985560
   -0.41579517
   -0.36403989
    0.17108299
    0.04122722
    0.07216855
   -0.06953607
    0.04974938
    0.09087971
    0.00960399
   -0.04203567
    0.02758139
   -0.04076580
    0.03100107
   -0.04392003
    0.02972525
   -0.03847988
    0.04487358
   -0.04301553
    0.05647179
    0.20231387
   -0.39414181
   -0.37417161
    0.15970621
    0.03259602
    0.08303878
   -0.05081605
    0.05934156
    0.03699065
   -0.08520401
    0.01865516
    0.03438693
    0.36140173
   -0.66279354
   -0.67034654
    0.20368046
   -0.39905161
   -0.37656912
    0.16894605
    0.04181470
    0.07405540
   -0.06520346
    0.05131802
    0.06333933
    0.00149924
   -0.04379203
    0.05273157
   -0.06042899
    0.04334400
    0.14144784
   -0.45480544
    0.37053034
   -0.07675211
    0.04688495
   -0.04875435
    0.04616776
    0.20135933
   -0.40333681
   -0.35456614
    0.15627880
    0.04424032
    0.05953028
   -0.07237450
    0.04947459
    0.06060495
    0.04446520
   -0.33725487
    0.07846320
    0.04838030
   -0.09671467
    0.22322367
   -0.02512097
    0.04085312
    0.21328251
   -0.36446588
   -0.36908252
    0.16712437
    0.03581357
    0.07360146
   -0.02422953
    0.06493241
   -0.10469989
    0.04330571
    0.04844512
    0.02733799
   -0.05452037
    0.01287554
    0.02556458
   -0.11671662
    0.04440818
    0.04112622
    0.04087212
    0.20932861
   -0.39498031
    0.18073344
    0.05013124
    0.18219553
    0.07245256
    0.17190396
    0.04847256
    0.16958138
    0.03884767
    0.19368457
    0.05968846
    0.17023081
    0.05849442
    0.17146210
    0.06502393
    0.17799774
    0.05633843
