           1           2  0.95782318365944863     
           1           3   1.0267612657761895     
           3           4  0.95548930642587027     
           3           5  0.94161181282977346     
           5           6  0.96306625225335518     
           5           7  0.95932087303408897     
           5           8   1.0107156944555313     
           8           9   1.4073422467104573     
           9          10  0.96528614046295935     
           9          11   1.4511294329195261     
          11          12  0.96611313579207114     
          11          13   1.3606161284260399     
          13          14   1.0733642387457611     
          14          15  0.81231153489740671     
           9          16  0.10500402940560453     
          13          16   1.3707033191146729     
          16          17  0.96902169543439853     
           8          18   1.4058259596762956     
          11          18  0.10998485179893347     
          16          18   1.4442840346598882     
          18          19  0.96871920025406677     
           3          20  0.97625619183957080     
          20          21   1.8971845583446656     
          22          23  0.94982804587331504     
          22          24   1.0242945646339012     
          24          25  0.95109463346675027     
          24          26  0.95251565585822751     
          26          27  0.96563391694623080     
          26          28  0.95218433161755889     
          26          29   1.0129124016306517     
          29          30   1.4220092413867316     
          30          31  0.96923015313522431     
          30          32   1.4302594523405752     
          32          33  0.96964213295154122     
          29          34  0.10693156528776605     
          32          34   1.4462094449642138     
          34          35  0.97129368032955588     
          30          36  0.10947396856022149     
          34          36   1.4293417329421678     
          36          37  0.97077682566548651     
          29          38   1.3964608915825825     
          32          38  0.11400015550544268     
          36          38   1.4507516849200546     
          38          39  0.96473827119226319     
          24          40  0.95402120667689838     
          40          41   1.5988342168864493     
          40          42   1.3021476036950275     
          41          42  0.18606992811016085     
          42          43  0.91367453326094361     
          42          44  0.98621181577829975     
          44          45  0.93099127861439146     
          44          46  0.93391836242414150     
          46          47  0.97167169660865582     
          46          48  0.94232885243675601     
          46          49  0.94743945835512478     
          49          50   1.4407772071148583     
          49          51   1.5144378153873002     
          50          51  0.21163240277515807     
          44          52   1.0064794792329885     
          52          53   1.8637669159217167     
          54          55  0.95177615841365326     
          54          56   1.0377860612096970     
          56          57  0.91769736397559432     
          56          58  0.95101239664991033     
          58          59  0.97143809171713502     
          58          60  0.97236340133425880     
          58          61   1.0041621500439053     
          61          62  0.97169022170618169     
          61          63  0.97249418187605230     
          61          64  0.99768558129549434     
          64          65  0.96300656589387057     
          64          66  0.96578131452188742     
          64          67  0.98423915317161237     
          67          68  0.91652977346200593     
          67          69   1.2897983368848118     
          69          70   1.3320585031341412     
          70          71  0.92136726591614204     
          70          72  0.88937824516047681     
          69          73   1.3214196868487984     
          70          73  0.10526332746599033     
          73          74  0.92567992969257762     
          73          75  0.88288020585298721     
          56          76  0.99144992112383412     
          76          77   1.8554060473682012     
          78          79  0.95668439240878878     
          78          80   1.0242325776172585     
          80          81  0.94141489513052501     
          80          82  0.95619251288781748     
          82          83  0.97353013539250655     
          82          84  0.95248569546168149     
          82          85   1.0071529067168783     
          85          86   1.4212454071217893     
          86          87  0.97006296069173836     
          86          88   1.4324876639901041     
          88          89  0.97254592841913357     
          85          90  0.10776216946059287     
          88          90   1.4475805281594254     
          90          91  0.97297515009914781     
          86          92  0.11208162953966214     
          90          92   1.4294691853547210     
          92          93  0.97120052915577437     
          85          94   1.4080527571542694     
          88          94  0.11284659247465390     
          92          94   1.4486032818007473     
          94          95  0.96407777919500304     
          80          96  0.97509772718178800     
          96          97   1.8765357067554247     
          98          99  0.95664474042286163     
          98         100   1.0380877031833116     
         100         101  0.93371886156439476     
         100         102  0.95106029260357616     
         102         103  0.97101097980104345     
         102         104  0.97547158695107927     
         102         105   1.0118219470516763     
         105         106  0.96885444807220511     
         105         107  0.95999588808728786     
         105         108  0.93725886611100895     
         108         109   1.4861464699085254     
         108         110   1.4828732471135684     
         109         110  0.21202608720595595     
         100         111  0.98242320067492772     
         111         112   1.8719166030735892     
         113         114  0.95312296609026070     
         113         115   1.0287998851470206     
         115         116  0.94156575790931374     
         115         117  0.93892317238854872     
         117         118  0.96460725160877447     
         117         119  0.96729871939612433     
         117         120   1.0027216919019881     
         120         121   1.3967913750321304     
         121         122  0.96706775323948957     
         121         123   1.4593719172793651     
         123         124  0.96949222463495310     
         123         125   1.3637500887702583     
         125         126   1.0703412943369015     
         126         127  0.84471426050470011     
         121         128  0.10754892532686507     
         125         128   1.3720478238415184     
         128         129  0.96862551465136792     
         120         130   1.4195864238669251     
         123         130  0.10747437338084849     
         128         130   1.4381183994131683     
         130         131  0.96875425378420787     
         115         132  0.98323628710262112     
         132         133   1.8653038504110977     
         134         135  0.96084441097744011     
         134         136   1.0008000664295267     
         136         137  0.96262821759714345     
         136         138  0.96457277809499842     
         138         139  0.97096958692698365     
         138         140  0.95524201545224829     
         138         141   1.0080829134383860     
         141         142   1.2668274944006106     
         142         143   1.5173380414268649     
         143         144  0.96398753680336169     
         142         145  0.10847280395306257     
         143         145   1.3014020817090894     
         145         146  0.92098771755630371     
         141         147   1.5706226914138706     
         143         147  0.11852473715764487     
         145         147   1.1983085852870543     
         147         148  0.96712618253879357     
         136         149  0.97738828489881668     
         149         150   1.8949119058005006     
         151         152  0.94570990555200984     
         151         153   1.0195746609308636     
         153         154  0.95113784074034424     
         153         155  0.93735020726723861     
         155         156  0.95579514052005443     
         155         157   1.0097115965732320     
         157         158  0.98237308624474917     
         157         159  0.97925090136205717     
         157         160  0.98393433854237722     
         155         161  0.99299283806893246     
         161         162  0.97284659915584326     
         161         163  0.97770203104257525     
         161         164   1.0156450303297897     
         164         165  0.98461711014002518     
         164         166  0.98276560578600813     
         164         167  0.98445673736080064     
         153         168  0.98517888689713784     
         168         169   1.8791332160152463     
           1         170  0.95155113194640217     
          20         171  0.93717876015411195     
          22         172  0.95142976517837607     
          52         173  0.93681896561754618     
          54         174  0.95676936965158221     
          76         175  0.93945625207560823     
          78         176  0.95689894083485505     
          96         177  0.94000784499660150     
          98         178  0.94841185978824760     
         111         179  0.93453255579190220     
         113         180  0.95496775233899467     
         132         181  0.93540232727342132     
         134         182  0.95353132611650027     
         149         183  0.93723230582634365     
         151         184  0.95459037510274503     
         168         185  0.93882726349487300     
