    0.28008868
   -0.06996471
    0.08785216
    0.05882597
   -0.07893334
    0.03615813
   -0.03649981
   -0.02235026
   -0.02997721
   -0.03279669
   -0.03923792
   -0.23984433
   -0.42442788
    0.35245974
   -0.13410587
   -0.00099837
   -0.40193291
   -0.05315568
    0.03470555
   -0.06746803
    0.02465490
   -0.27055309
    1.15764668
   -0.08699788
   -0.03438814
   -0.03489187
    0.03912675
   -0.03498636
   -0.03173231
   -0.65345846
   -0.63312984
   -0.14148148
    0.27508668
    0.09633124
    0.07537540
    0.13325627
    0.13974514
    0.06359472
    0.05602451
    0.05386757
    0.06078969
    0.04761286
    0.05988470
    0.07106516
    0.06819717
    0.06499625
    0.08175475
    0.11418482
    0.11372762
    0.12549224
    0.11963290
    0.10942532
    0.08039028
    0.08846803
    0.08235738
    0.06436462
    0.07745727
    0.07608807
    0.08262327
