           1           2   1.1462687632226600     
           2           3   1.2781657449836152     
           3           5   1.0767628410017143     
           5           6  0.99314727879535192     
           6           7   1.4088617884574521     
           7           8   1.4276834444864444     
           8           9   1.4449834278210894     
           7          10  0.10238149449897263     
           9          10   1.4063766394671899     
           6          11   1.3798912256382330     
           8          11  0.10923555181931492     
          10          11   1.4603567217818658     
           4          12  0.92493331067355944     
          12          13  0.18666212395551104     
           3          14   1.0296119729620261     
          12          14   1.1451407370038005     
          13          14   1.6589549164094932     
           4          15   1.0138147267916191     
           1          17   1.7403409730591066     
           2          17  0.11335276029319380     
          16          18  0.99713696691482656     
          18          19  0.99873066070599736     
          19          20  0.99558537822037552     
           1          21  0.93715773616946452     
          20          21  0.98201750724639103     
          16          22  0.97953454044449395     
          21          22  0.99439214919563390     
          22          23  0.89226834650146791     
          23          24  0.73681549386811784     
          24          25   1.4022839924789434     
          25          26   1.4548029090624461     
          26          27   1.3884230702256439     
          25          28  0.10020145983115548     
          27          28   1.3998023912959492     
          24          29   1.4029786285732910     
          26          29  0.10600333736437778     
          28          29   1.4453993818338011     
          23          30   1.5529605037138032     
          23          31   1.5561955678302875     
          30          31  0.10327118511922227     
          27          32   1.0326713461469332     
           2          33  0.85689278652910161     
           4          34  0.95685276562747523     
           4          35  0.96012106591109214     
           5          36  0.90481020268063661     
           5          37  0.86996776103519491     
           7          38  0.96594162942793527     
           8          39  0.96945672895352208     
           9          40  0.96961247839304154     
          10          41  0.96510540855320559     
          11          42  0.96426366090299409     
          15          43  0.98403630202677250     
          15          44  0.98174051175819999     
          15          45  0.97779889666762909     
          16          46  0.95917132678948958     
          16          47  0.95620436274806420     
          18          48  0.95164702313279959     
          18          49  0.96040853774656321     
          20          50  0.95113072033013912     
          20          51  0.95455224751112366     
          21          52  0.91284475971886114     
          25          53  0.96052147489152684     
          26          54  0.96194044445275462     
          28          55  0.96279104190287146     
          29          56  0.96407334621292162     
          32          57  0.97115044201964384     
          32          58  0.95298272798187600     
          32          59  0.98123504453237431     
