    0.26914776
   -0.11960180
    0.03639503
    0.07587931
   -0.07086038
    0.01819032
   -0.04383873
   -0.03546712
   -0.03642223
   -0.03681206
   -0.04197471
   -0.27233066
   -0.49722681
    0.33444067
   -0.12868190
    0.01119271
   -0.46319553
   -0.03108078
   -0.17280109
   -0.03892516
    0.02731651
   -0.29249786
    1.15708196
   -0.09462439
   -0.02744875
   -0.03663476
    0.03660018
   -0.03354007
   -0.03095666
   -0.67046070
   -0.65471458
   -0.13114788
    0.24379185
    0.05552835
    0.06692894
    0.10194027
    0.08887425
    0.05928758
    0.04815710
    0.04186675
    0.03602089
    0.03301399
    0.05249221
    0.06461419
    0.07324857
    0.04041696
    0.06938478
    0.08730199
    0.08912216
    0.09694960
    0.08757443
    0.08299792
    0.05834380
    0.09727716
    0.07997666
    0.04365624
    0.07231042
    0.07918919
    0.08038589
   -0.31860057
    0.19220436
    0.04184483
    0.09260215
   -0.07922134
    0.08045232
    0.06608596
    0.01312598
   -0.04097824
    0.04061721
   -0.03615939
    0.03919587
   -0.04084722
    0.04551105
   -0.03548212
    0.03627233
   -0.04375274
    0.03742009
    0.20760773
   -0.38625383
   -0.31984628
    0.18691387
    0.04470993
    0.07884023
   -0.07376903
    0.06413908
    0.07067148
    0.00651373
   -0.04460597
    0.03553501
   -0.03899727
    0.03850332
   -0.04119151
    0.04345405
   -0.03888991
    0.03981092
   -0.04415311
    0.04428268
    0.20983642
   -0.36179150
   -0.33146114
    0.19754281
    0.04013920
    0.08890696
   -0.07052756
    0.05764546
    0.06303481
    0.00188640
   -0.04494700
    0.04988032
   -0.06110240
    0.04651573
    0.14734616
   -0.45057589
    0.36533679
   -0.07302493
    0.05887904
   -0.04320859
    0.05898217
    0.20477452
   -0.39414268
   -0.30154855
    0.21297665
    0.04439130
    0.06625964
   -0.07905223
    0.07730085
    0.07861540
    0.04919368
   -0.30938322
    0.08875651
    0.01615862
   -0.09037812
    0.19723710
   -0.03068519
    0.07087431
    0.21368403
   -0.35890355
   -0.31831158
    0.19009693
    0.02515465
    0.07676967
   -0.02007208
    0.04952475
   -0.12333578
    0.05497157
    0.04332988
    0.04749624
   -0.06052845
    0.03488863
    0.04370149
   -0.10528931
    0.03794689
    0.04371600
    0.02882262
    0.27781805
   -0.50499138
   -0.15293559
    0.22293098
    0.02746147
    0.08468712
   -0.02548704
    0.06704839
   -0.12103429
    0.03280341
    0.06934475
    0.03700180
   -0.05796667
    0.03601626
    0.04016630
   -0.11869084
    0.05656777
    0.04921543
    0.03926147
    0.21119424
   -0.35313893
    0.20059021
    0.06698585
    0.20451027
    0.06954615
    0.18831485
    0.06860942
    0.19025956
    0.05808652
    0.21187517
    0.07042726
