           1           2   1.1882255698391297     
           2           3   1.1898344587975922     
           3           5   1.0380541041516191     
           5           6  0.96534175697775659     
           6           7   1.4073997995996235     
           7           8   1.4452981033318897     
           6           9  0.10818030667803280     
           8           9   1.4323875089055416     
           7          10  0.11140296054828200     
           9          10   1.4420044253296622     
           6          11   1.4153298641434076     
           8          11  0.11134842772794458     
          10          11   1.4350325529110752     
           4          12  0.93688277080394078     
          12          13  0.14965036156979675     
           3          14   1.0906215117130342     
          12          14   1.1027432742954091     
          13          14   1.5986567768843427     
           4          15   1.0086968633080722     
           1          17   1.6675140815522447     
           2          17  0.13876432691809326     
          16          18   1.0032611991095175     
          18          19  0.98788135175275538     
          19          20  0.98974809607474046     
           1          21  0.94113382138804347     
          20          21  0.98959284102586653     
          16          22  0.98014620939280961     
          21          22  0.97853285608983898     
          22          23  0.88750898202441508     
          23          24  0.73481753116604032     
          24          25   1.3918033587614660     
          25          26   1.4530635373677308     
          26          27   1.3893978198144299     
          25          28  0.10644540200445814     
          27          28   1.4049414094412360     
          24          29   1.4107387489420566     
          26          29  0.10151098782375675     
          28          29   1.4394830597110895     
          23          30   1.5319399726849070     
          23          31   1.5514274555178904     
          27          32   1.0303323671048739     
           2          33  0.87214920731313805     
           4          34  0.97096075495319600     
           4          35  0.96342234758679235     
           5          36  0.92739979010397378     
           5          37  0.95954274898053837     
           7          38  0.95905785999984794     
           8          39  0.96928803903887051     
           9          40  0.96949685770071414     
          10          41  0.97011386380577380     
          11          42  0.96985541773817330     
          15          43  0.98694789062356392     
          15          44  0.97988060720569936     
          15          45  0.98111294245710134     
          16          46  0.96972266852873501     
          16          47  0.96185444671574971     
          18          48  0.96670200692042918     
          18          49  0.96154468188131259     
          20          50  0.96405415694148833     
          20          51  0.95958993445079277     
          21          52  0.92761308222841043     
          25          53  0.96426524264960667     
          26          54  0.95359124657025596     
          28          55  0.96033077422340274     
          29          56  0.96669816098858341     
          32          57  0.97559032019435166     
          32          58  0.95673972459007006     
          32          59  0.96590497712217893     
          60          61  0.94592198676581518     
          60          62   1.0311196298117338     
          62          63  0.94287971237210610     
          62          64  0.92246371410433825     
          64          65  0.96429001199391307     
          64          66  0.95053475868194925     
          64          67   1.0110206685745773     
          67          68   1.4052037815955571     
          68          69  0.96835849706710952     
          68          70   1.4496900308858258     
          70          71  0.97086767502657501     
          67          72  0.10865017008465284     
          70          72   1.4299182200132394     
          72          73  0.97146464443234914     
          68          74  0.10819708507496631     
          72          74   1.4356338501226593     
          74          75  0.97083524471779670     
          67          76   1.4101799014098955     
          70          76  0.11034528819181784     
          74          76   1.4440018299468407     
          76          77  0.96596599502029890     
          62          78  0.97863747455286687     
          78          79   1.8851031245501071     
          80          81  0.94930386415423440     
          80          82   1.0250368409360688     
          82          83  0.95202099748440983     
          82          84  0.93204144301239500     
          84          85  0.96519002727080905     
          84          86  0.96287082665321466     
          84          87   1.0051292839973394     
          87          88   1.4012676240187001     
          88          89  0.96982893512115365     
          88          90   1.4523675459512335     
          90          91  0.97217412127011771     
          87          92  0.10698780668859606     
          90          92   1.4264396601155473     
          92          93  0.96986778177614741     
          88          94  0.11210575873160825     
          92          94   1.4487771377602288     
          94          95  0.96752840208263691     
          87          96   1.4233353232825003     
          90          96  0.11206936064787507     
          94          96   1.4294492659374907     
          96          97  0.96896433597968545     
          82          98  0.97448302286783972     
          98          99   1.9067725310797770     
         100         101  0.94173793838123987     
         100         102   1.0284689342717217     
         102         103  0.92989128347817407     
         102         104  0.94382304290255614     
         104         105  0.96543338640278864     
         104         106  0.96875918864241906     
         104         107   1.0041512788503828     
         107         108   1.4070809827286672     
         108         109  0.96705105244676370     
         108         110   1.4508539335374104     
         110         111  0.96750019967824608     
         110         112   1.3596296360007831     
         112         113   1.0707608645283944     
         113         114  0.84355464611826303     
         108         115  0.10631100370367115     
         112         115   1.3681069626739497     
         115         116  0.96556614413149622     
         107         117   1.4085495938471653     
         110         117  0.10817991094797806     
         115         117   1.4439781800996510     
         117         118  0.96379140231688487     
         102         119  0.97723330377615392     
         119         120   1.8770190904412962     
         121         122  0.91326921496010560     
         121         123   1.0257368472124568     
         123         124  0.95060397470032076     
         123         125  0.92517868508482315     
         125         126  0.96171053578398769     
         125         127  0.95982439854047896     
         125         128   1.0113099470399922     
         128         129   1.2569768655030522     
         129         130   1.5274558731315004     
         130         131  0.96502114912239201     
         129         132  0.11007968324862900     
         130         132   1.3005144649352491     
         132         133  0.93176291348809637     
         128         134   1.5641526538851880     
         130         134  0.10867999018396030     
         132         134   1.1900635757699989     
         134         135  0.96672642152641819     
         123         136  0.98491202941662614     
         136         137   1.8899569839679908     
         138         139  0.94397731221871606     
         138         140   1.0248659411044017     
         140         141  0.95234072499522693     
         140         142  0.92948553970337167     
         142         143  0.96502816332578378     
         142         144   1.0093492902958763     
         144         145  0.97495431647439568     
         144         146  0.97811851191620014     
         144         147  0.97569905211997043     
         142         148  0.99091768942475544     
         148         149  0.97366106573580979     
         148         150  0.97335172493200961     
         148         151   1.0142412353026289     
         151         152  0.98787546559273687     
         151         153  0.98042110952271910     
         151         154  0.97433104155382844     
         140         155  0.94651956352895195     
         155         156   1.6124297981425115     
         155         157   1.3043736288899657     
         156         157  0.19223860933246598     
         157         158  0.90714686236418662     
         157         159  0.97424884617266383     
         159         160  0.95241180470970399     
         159         161  0.94570619591720795     
         161         162  0.95938924595407826     
         161         163   1.0000070129445078     
         163         164  0.98799674988712183     
         163         165  0.97364170550930307     
         163         166  0.98398282640682067     
         161         167  0.99131138986146583     
         167         168  0.97101680657973832     
         167         169  0.97327436302018644     
         167         170   1.0190464916893955     
         170         171  0.97866026730588762     
         170         172  0.97891679663895981     
         170         173  0.97946198585230082     
         159         174  0.97311311544292645     
         174         175   1.8996673722949411     
          60         176  0.94684307375005450     
          78         177  0.93588921887983434     
          80         178  0.94294335183092204     
          98         179  0.93451580318841643     
         100         180  0.95118797579159675     
         119         181  0.93433418698593795     
         121         182  0.94960492293538978     
         136         183  0.93930665099636645     
         138         184  0.93982719964145289     
         174         185  0.93757433303343962     
