   -0.37635981
    0.16194680
    0.04180408
    0.07976969
   -0.07621170
    0.06514523
    0.05356703
    0.00796577
   -0.04377427
    0.04487906
   -0.03940000
    0.04363329
   -0.04303871
    0.03570958
   -0.03844433
    0.03747326
   -0.03899936
    0.01838061
    0.21095121
   -0.38830951
   -0.37094142
    0.15912151
    0.03960742
    0.07243057
   -0.07230721
    0.04803099
    0.07482925
    0.00535367
   -0.04300066
    0.03389009
   -0.03266345
    0.04135502
   -0.03900575
    0.03821301
   -0.04063036
    0.04071766
   -0.04560463
    0.04200218
    0.20735211
   -0.38165947
   -0.37678113
    0.16263336
    0.04325068
    0.08253696
   -0.06669446
    0.05435530
    0.05134584
   -0.00333645
   -0.04706748
    0.04695225
   -0.05959816
    0.04476714
    0.14163914
   -0.46039992
    0.36931967
   -0.07487088
    0.04889412
   -0.04162993
    0.03828706
    0.20030770
   -0.39680228
   -0.35214318
    0.15436229
    0.05251635
    0.05358883
   -0.07085002
    0.06419530
    0.06084301
    0.04054421
   -0.32654667
    0.08128492
    0.04861473
   -0.10864118
    0.22133852
   -0.03303106
    0.03999407
    0.21428214
   -0.36919940
   -0.38321769
    0.15985872
    0.02859780
    0.05312582
   -0.02154130
    0.04847315
   -0.10127083
    0.04153006
    0.03856165
    0.02832851
   -0.05552537
    0.02709012
    0.02575882
   -0.10644272
    0.03570107
    0.03236783
    0.03941706
    0.26792098
   -0.52955783
   -0.16019587
    0.22461712
    0.03393846
    0.07617430
   -0.01677848
    0.05771916
   -0.12081365
    0.06788464
    0.03803440
    0.03848708
   -0.05455779
    0.02349211
    0.03838574
   -0.11003971
    0.03856115
    0.04805229
    0.05138142
    0.20431798
   -0.37182224
    0.18263054
    0.06237098
    0.17327001
    0.04963116
    0.17269451
    0.07254755
    0.17767507
    0.06137299
    0.17696725
    0.07278609
