           1           2  0.95848883261912288     
           1           3   1.0259684416101900     
           3           4  0.94338981106208042     
           3           5  0.93414685170253009     
           5           6  0.96624818743632646     
           5           7  0.96480195188826701     
           5           8   1.0114183914593391     
           8           9   1.4240429749945771     
           9          10  0.96760563332394367     
           9          11   1.4270365156956242     
          11          12  0.97079570785506697     
           8          13  0.10710556661553773     
          11          13   1.4523247868638212     
          13          14  0.97234209869770405     
           9          15  0.10999820148139851     
          13          15   1.4209685365437641     
          15          16  0.97142097963883578     
           8          17   1.3957891747433597     
          11          17  0.11209765970135545     
          15          17   1.4585701155905131     
          17          18  0.96855388289800648     
           3          19  0.98758228601973197     
          19          20   1.8862697758901315     
          21          22  0.96050435380738730     
          21          23   1.0218899581896088     
          23          24  0.94199657774815737     
          23          25  0.94245647476097927     
          25          26  0.96905494668837733     
          25          27  0.96585149298329276     
          25          28   1.0072146538972004     
          28          29   1.4088113401247033     
          29          30  0.96898782573171049     
          29          31   1.4478347199247357     
          31          32  0.97009987804684072     
          28          33  0.10946095109538087     
          31          33   1.4324500347729505     
          33          34  0.97166787303362590     
          29          35  0.11099897473088660     
          33          35   1.4409992034688726     
          35          36  0.97150382558247483     
          28          37   1.4156741729050213     
          31          37  0.11130968223456902     
          35          37   1.4397232578743921     
          37          38  0.96920984017289469     
          23          39  0.98620642327478580     
          39          40   1.8839219557163180     
          41          42  0.95752279813949115     
          41          43   1.0277080452642595     
          43          44  0.93586943324676941     
          43          45  0.94780097518162343     
          45          46  0.96667966038652420     
          45          47  0.96840976996759287     
          45          48   1.0070785412276571     
          48          49   1.3881188885295055     
          49          50  0.96769199770773262     
          49          51   1.4700059398993042     
          51          52  0.96634724451070497     
          51          53   1.3497048956609368     
          53          54   1.0691631003025288     
          54          55  0.84250968064073262     
          49          56  0.10713296931007503     
          53          56   1.3810682714245726     
          56          57  0.96705722208931377     
          48          58   1.4229057287122062     
          51          58  0.10418641630124867     
          56          58   1.4365746903390149     
          58          59  0.96686911009007859     
          43          60  0.98133593129858232     
          60          61   1.8767276724526645     
          62          63  0.95221632631204889     
          62          64   1.0087977917045752     
          64          65  0.96336215484067456     
          64          66  0.95860595266310977     
          66          67  0.95616806389299192     
          66          68  0.96640640030962111     
          66          69   1.0085055613145546     
          69          70   1.2703819117689381     
          70          71   1.5190742144937210     
          71          72  0.96368090496331216     
          70          73  0.10393466427786965     
          71          73   1.2900629127044070     
          73          74  0.91918206178254347     
          69          75   1.5631197165269972     
          71          75  0.12179211555326937     
          73          75   1.2058552692510389     
          75          76  0.96463691618430647     
          64          77  0.97178807354824881     
          77          78   1.8862023534108876     
          79          80  0.94675604978095396     
          79          81   1.0161804316984620     
          81          82  0.95625534153529301     
          81          83  0.95416208008063597     
          83          84  0.96210019811772651     
          83          85   1.0083878754483047     
          85          86  0.98219924657702529     
          85          87  0.97965275712433841     
          85          88  0.98317512433688481     
          83          89  0.99279396320505742     
          89          90  0.97470222654848948     
          89          91  0.97439219105460917     
          89          92   1.0186508520348854     
          92          93  0.98683213975161377     
          92          94  0.98690693137041696     
          92          95  0.98635402658132842     
          81          96  0.94886105502885254     
          96          97   1.5995910049413633     
          96          98   1.3195168141972105     
          97          98  0.19396318760568063     
          98          99  0.89716258501468826     
          98         100  0.97363599527709555     
         100         101  0.95501308761378190     
         100         102  0.94376806600623697     
         102         103  0.95656853106401663     
         102         104  0.99968995379899861     
         104         105  0.97863333434178601     
         104         106  0.98831586620164968     
         104         107  0.98739315326633170     
         102         108  0.99464793282203823     
         108         109  0.97507984473830767     
         108         110  0.97886152978988605     
         108         111   1.0120560631731761     
         111         112  0.98660881074407503     
         111         113  0.98245922434850530     
         111         114  0.98614590185905893     
         100         115  0.98086146386938822     
         115         116   1.8843910844470431     
           1         117  0.95288690288335587     
          19         118  0.93603626693867770     
          21         119  0.95457371944251068     
          39         120  0.93636959262048958     
          41         121  0.95746410688672579     
          60         122  0.93550095559239888     
          62         123  0.94876147396080646     
          77         124  0.93947486134915592     
          79         125  0.95262442291405447     
         115         126  0.93759345181459075     
