           1           2   1.2002522719868953     
           2           3   1.1940137300726197     
           3           5   1.0355921916144319     
           5           6  0.96226434238223280     
           6           7   1.4115700539022469     
           7           8   1.4431850728256301     
           6           9  0.10972810915985190     
           8           9   1.4298129905781445     
           7          10  0.10977807747758545     
           9          10   1.4428907836390530     
           6          11   1.4139113876201312     
           8          11  0.11271121458514191     
          10          11   1.4364926479831566     
           4          12  0.91795236577656447     
          12          13  0.15746439945065963     
           3          14   1.0908139381615942     
          12          14   1.1075809643614256     
          13          14   1.6071697262437392     
           4          15   1.0078127605295388     
           1          17   1.6489932681370525     
           2          17  0.14372208158925803     
          16          18   1.0060859445230721     
          18          19  0.98819835366109143     
          19          20  0.99052214347300793     
           1          21  0.93574941674709122     
          20          21  0.98401569942131473     
          16          22  0.97447681024906152     
          21          22  0.96645117295699290     
          22          23  0.91168294403276595     
          23          24  0.74288525039993247     
          24          25   1.4007231339585764     
          25          26   1.4548628490787312     
          24          27  0.10481880468280644     
          26          27   1.3973869925769415     
          25          28  0.10443904047017907     
          27          28   1.4003463645338476     
          24          29   1.4055904164650317     
          26          29  0.10317911627749043     
          28          29   1.4493174994950357     
          23          30   1.5258227478020965     
          23          31   1.5360079329075793     
          30          31  0.10065893329284718     
          27          32   1.0304924369314703     
           2          33  0.86265009104074464     
           4          34  0.96454703017405041     
           4          35  0.96841498334174014     
           5          36  0.95385094390992831     
           5          37  0.94738337939260564     
           7          38  0.96525477591367259     
           8          39  0.96907807561011239     
           9          40  0.97154622707804805     
          10          41  0.96329904222082108     
          11          42  0.96902561828961953     
          15          43  0.97895314036528136     
          15          44  0.98188972724457424     
          15          45  0.98212398156124769     
          16          46  0.95656835482921432     
          16          47  0.95438196764866301     
          18          48  0.96901710288172471     
          18          49  0.95945103480503957     
          20          50  0.96516943276028644     
          20          51  0.95590638896674696     
          21          52  0.94175219672919663     
          25          53  0.96401132051710114     
          26          54  0.96235255932753083     
          28          55  0.96220076181088032     
          29          56  0.96432955984047175     
          32          57  0.97330152060461328     
          32          58  0.97739939538242293     
          32          59  0.95666951607925499     
          60          61  0.94511111489702793     
          60          62   1.0425987653999922     
          62          63  0.93521026282402153     
          62          64  0.90897690595726421     
          64          65  0.96476134667899338     
          64          66  0.96040761753277826     
          64          67   1.0148512548837032     
          67          68   1.3923428443989008     
          68          69  0.96777005366739899     
          68          70   1.4616415550223352     
          70          71  0.96547210130286143     
          70          72   1.3549809882534507     
          72          73   1.0760815253924170     
          73          74  0.81038984100877232     
          68          75  0.10443761051968752     
          72          75   1.3663887076875429     
          75          76  0.96164068168874539     
          67          77   1.4043014356247308     
          70          77  0.10405924461530915     
          75          77   1.4503954266509658     
          77          78  0.96641054701634732     
          62          79   1.0028495464248708     
          79          80   1.8640723762587208     
          81          82  0.94638219304753401     
          81          83   1.0281273174254253     
          83          84  0.94706947358736082     
          83          85  0.94744171630601626     
          85          86  0.96602139508376905     
          85          87  0.96204183881355232     
          85          88   1.0138614060870303     
          88          89   1.4008332133458632     
          89          90  0.96983480652508702     
          89          91   1.4498222344341256     
          91          92  0.97187326826871201     
          88          93  0.10641934309072208     
          91          93   1.4315152487838887     
          93          94  0.97168673246362725     
          89          95  0.11206320481420060     
          93          95   1.4440701645388065     
          95          96  0.97276392620986507     
          88          97   1.4187758742915677     
          91          97  0.11113263921329886     
          95          97   1.4335297808975598     
          97          98  0.96846062429754731     
          83          99  0.94787636107962925     
          99         100   1.6192975372670437     
          99         101   1.2957001972787481     
         100         101  0.18661160397555634     
         101         102  0.90784682020699670     
         101         103  0.98575059723621938     
         103         104  0.92753530095553005     
         103         105  0.94969261229675528     
         105         106  0.97337818255116493     
         105         107  0.94389745321883045     
         105         108  0.94235171454926325     
         108         109   1.4506901996262231     
         108         110   1.5026024361247701     
         109         110  0.21035104105898808     
         103         111  0.99712060854127305     
         111         112   1.8900943839648960     
         113         114  0.94449563492164590     
         113         115   1.0316763435448344     
         115         116  0.92316489079550668     
         115         117  0.96149878716617909     
         117         118  0.96590267711892919     
         117         119  0.97183641412582866     
         117         120   1.0024323523482099     
         120         121  0.96998324868288244     
         120         122  0.96628493303541363     
         120         123   1.0014212318724667     
         123         124  0.95705886305615817     
         123         125  0.96273894336922572     
         123         126  0.98157923356821020     
         126         127  0.91459789233008926     
         126         128   1.3008165463840891     
         128         129   1.3216654657761693     
         129         130  0.91342042446949945     
         129         131  0.87257168896698389     
         126         132  0.10156319151110088     
         128         132   1.3221094446324084     
         129         132  0.10270485922154178     
         132         133  0.91249387352638078     
         132         134  0.90397565587147510     
         115         135  0.97064380757168545     
         135         136   1.8907963126538481     
         137         138  0.95390618568884467     
         137         139   1.0126758428179838     
         139         140  0.96298758502189941     
         139         141  0.95010244032607771     
         141         142  0.96968361459498664     
         141         143  0.96887023429406827     
         141         144   1.0035775344692495     
         144         145  0.97547442627886061     
         144         146  0.97284389682796502     
         144         147   1.0045275752097169     
         147         148  0.96904425377661485     
         147         149  0.96946484425619994     
         147         150   1.0116420945730853     
         150         151  0.96468557831680857     
         150         152  0.96494249608103100     
         150         153  0.96424931133859726     
         153         154  0.89171671731747260     
         153         155  0.88605620606003943     
         153         156  0.88566768783253380     
         139         157  0.96806581594962382     
         157         158   1.9148290411705440     
         159         160  0.94723904761766797     
         159         161   1.0354853973247287     
         161         162  0.94555691155319455     
         161         163  0.96690779715988995     
         163         164  0.96842706737209439     
         163         165  0.94427595934242048     
         163         166   1.0101674095473849     
         166         167   1.4041615965066099     
         167         168  0.96843276480057572     
         167         169   1.4449127271840414     
         169         170  0.97079990333862565     
         166         171  0.10868837949664606     
         169         171   1.4349912007473504     
         171         172  0.97133655946598141     
         167         173  0.11172520256028382     
         171         173   1.4365121219156594     
         173         174  0.97043696341748475     
         166         175   1.4131276285684369     
         169         175  0.10946008631036466     
         173         175   1.4370473391486798     
         175         176  0.96143067533691284     
         161         177  0.92454675960761423     
         177         178   1.6212652976867545     
         177         179   1.2976114166234520     
         178         179  0.19466215852689006     
         179         180  0.92208715644267492     
         179         181  0.98331587292529155     
         181         182  0.94901551017482633     
         181         183  0.95810461241201561     
         183         184  0.96755021507075523     
         183         185  0.97055680881971051     
         183         186   1.0090351602057701     
         186         187  0.97706961561686589     
         186         188  0.97043330574795639     
         186         189   1.0033625511347035     
         189         190  0.96521405516592773     
         189         191  0.97653151932260407     
         189         192   1.0077358322695740     
         192         193  0.96780568517605647     
         192         194  0.95930990251240766     
         192         195  0.96759124561558862     
         195         196  0.87951452387795503     
         195         197  0.88124096407690711     
         195         198  0.89230904465054750     
         181         199  0.94549820604536461     
         199         200   1.6345082678080152     
         199         201   1.2969314471200459     
         200         201  0.19597413337283620     
         201         202  0.91550927071600452     
         201         203  0.98393343548416634     
         203         204  0.94020403846933387     
         203         205  0.93794770480508194     
         205         206  0.95754097218641365     
         205         207  0.96407177766076591     
         205         208   1.0059779821621386     
         208         209   1.4085124463002296     
         209         210  0.96900066038388266     
         209         211   1.4484264659380597     
         211         212  0.97163337676787820     
         208         213  0.11009706865528178     
         211         213   1.4297827822830711     
         213         214  0.97134436792244339     
         209         215  0.11039941785961803     
         213         215   1.4424068204348111     
         215         216  0.96753016088943522     
         208         217   1.4134353116897598     
         211         217  0.11209925901404365     
         215         217   1.4361566817654661     
         217         218  0.96706454318311164     
         203         219  0.99908423907874278     
         219         220   1.8868881024426039     
         221         222  0.94911495531266976     
         221         223   1.0250115792720000     
         223         224  0.93873205649248492     
         223         225  0.97440332645580474     
         225         226  0.97664384004696370     
         225         227  0.97240906674861183     
         225         228   1.0085524342394854     
         228         229  0.96498057232317025     
         228         230  0.96126775986363378     
         228         231  0.94056322621592170     
         231         232   1.4831356647259257     
         231         233   1.4794726241084419     
         232         233  0.20135423915573397     
         223         234  0.94309088842163813     
         234         235   1.6100502735694358     
         234         236   1.3054495919869098     
         235         236  0.19374535677016666     
         236         237  0.89946201251084434     
         236         238  0.98853017664036491     
         238         239  0.93897055686689646     
         238         240  0.92729667147780614     
         240         241  0.96599947022180110     
         240         242   1.0016758786948645     
         242         243  0.98101502689952969     
         242         244  0.97847438798229946     
         242         245  0.97808055977681385     
         240         246   1.0091706552788455     
         246         247  0.98446189455663990     
         246         248  0.98185006167334699     
         246         249  0.98233886872245690     
         238         250  0.99312234968641555     
         250         251   1.8919010204267026     
         252         253  0.95313708445564460     
         252         254   1.0163994677139345     
         254         255  0.94620926060089383     
         254         256  0.93947247224452290     
         256         257  0.95997412250914105     
         256         258   1.0050793834518772     
         258         259  0.98489231061448701     
         258         260  0.97885049970639104     
         258         261  0.98821408360127860     
         256         262  0.99477328454833058     
         262         263  0.97753722352545791     
         262         264  0.97447605727945108     
         262         265   1.0182632397272751     
         265         266  0.98268422024224578     
         265         267  0.98843184961257702     
         265         268  0.98266380748399773     
         254         269  0.98626870612223216     
         269         270   1.8899375334572475     
          60         271  0.94061873719175859     
          79         272  0.93899484085169083     
          81         273  0.94478570769854819     
         111         274  0.93410844529606729     
         113         275  0.95293045185944558     
         135         276  0.93314429570751090     
         137         277  0.94848705694609459     
         157         278  0.93610310085168924     
         159         279  0.94552426587727745     
         219         280  0.94120162482569203     
         221         281  0.94844367890304160     
         250         282  0.93447755316881453     
         252         283  0.94077219640866772     
         269         284  0.93896599484016829     
