    0.28160517
   -0.07055841
    0.09648544
    0.06959289
   -0.08650568
    0.02445010
   -0.03369576
   -0.02963430
   -0.03429631
   -0.03622455
   -0.04193103
   -0.24801685
   -0.43972028
    0.34366190
   -0.13561875
   -0.00006001
   -0.40379835
   -0.04923100
    0.01907880
   -0.06881496
    0.02082393
   -0.25383545
    1.14130783
   -0.09195883
   -0.03395023
   -0.03572567
    0.03817368
   -0.03607532
   -0.03064861
   -0.64952495
   -0.63221273
   -0.13925540
    0.27364486
    0.08485417
    0.07688778
    0.15994630
    0.16219987
    0.05583738
    0.04277472
    0.05437431
    0.06420308
    0.06805207
    0.07165483
    0.06267021
    0.08268198
    0.07200384
    0.08357061
    0.11398023
    0.10952558
    0.12422122
    0.12478532
    0.12321705
    0.07131751
    0.08773297
    0.07485309
    0.06420927
    0.07461725
    0.09394228
    0.06835591
