           1           2   1.1805780455514794     
           2           3   1.1811889675217251     
           3           5   1.0237889621464398     
           5           6  0.96540849359952075     
           6           7   1.4069234620580426     
           7           8   1.4405407098580909     
           6           9  0.10482358881447468     
           8           9   1.4368875577314733     
           7          10  0.11330790767814766     
           9          10   1.4361443217400744     
           6          11   1.4131262629325905     
           8          11  0.11065598294366949     
          10          11   1.4371701003756980     
           4          12  0.93993885804288546     
          12          13  0.13957965663649594     
           3          14   1.0950348013691098     
          12          14   1.0656109973712904     
          13          14   1.6226054774661718     
           4          15   1.0132711880978884     
           1          17   1.6534993048518130     
           2          17  0.13510465291187937     
          16          18   1.0053472646565513     
          18          19  0.99110693217514534     
          19          20  0.99570436969318721     
           1          21  0.94751963497822378     
          20          21  0.99197963692763891     
          16          22  0.98358144259193980     
          21          22  0.98531787691979400     
          22          23  0.88933191989350380     
          23          24  0.72121026644192054     
          24          25   1.4107512068602606     
          25          26   1.4445506572178006     
          26          27   1.3995792516008596     
          25          28  0.10539556638162642     
          27          28   1.4040520210093159     
          24          29   1.4046692278627593     
          26          29  0.10605279128281636     
          28          29   1.4452972105242170     
          23          30   1.5550385383669980     
          23          31   1.4978730945994070     
          27          32   1.0286089879038374     
           2          33  0.89861015624337703     
           4          34  0.96586022293650531     
           4          35  0.97065276326719840     
           5          36  0.95566559086660485     
           5          37  0.93997128780706352     
           7          38  0.96768759457131104     
           8          39  0.96744529877668128     
           9          40  0.96901240594412086     
          10          41  0.96968423663998748     
          11          42  0.96809770998070976     
          15          43  0.98543130904858955     
          15          44  0.98428092255459598     
          15          45  0.98452583439690511     
          16          46  0.97175283218507968     
          16          47  0.96161009640284556     
          18          48  0.96901708053117441     
          18          49  0.96613794342683801     
          20          50  0.96170272540514479     
          20          51  0.96101187307181435     
          21          52  0.91725335136973629     
          25          53  0.96323890736684281     
          26          54  0.96577556725422031     
          28          55  0.95988785209622562     
          29          56  0.96423867978062916     
          32          57  0.98532755684389894     
          32          58  0.96652142516516548     
          32          59  0.95830907409597232     
          60          61  0.94207514973572404     
          60          62   1.0283714820715424     
          62          63  0.93463063103231103     
          62          64  0.94530801629871408     
          64          65  0.96737589478960562     
          64          66  0.95854302466904784     
          64          67   1.0118768348143432     
          67          68   1.4246834208792514     
          68          69  0.96766571496936804     
          68          70   1.4247511106309632     
          70          71  0.96899368937379959     
          67          72  0.10598699630511674     
          70          72   1.4521285685849934     
          72          73  0.97147611148948076     
          68          74  0.11065826736281284     
          72          74   1.4202192358771206     
          74          75  0.97243679528772575     
          67          76   1.3924701902338985     
          70          76  0.11201240798193156     
          74          76   1.4587087672724268     
          76          77  0.96569997202179569     
          62          78  0.94536442771736395     
          78          79   1.6111760742630947     
          78          80   1.3016130353459663     
          79          80  0.18777684031105527     
          80          81  0.90599572099675219     
          80          82  0.98307447245110180     
          82          83  0.95470163317964518     
          82          84  0.94449266767095819     
          84          85  0.96480156674688211     
          84          86  0.95015193766961670     
          84          87  0.94763343074030204     
          87          88   1.4834680808301717     
          87          89   1.4741496596282311     
          88          89  0.20157671402409488     
          82          90  0.99011882314893029     
          90          91   1.8911634333553546     
          92          93  0.95042818425682840     
          92          94   1.0171407978933318     
          94          95  0.93263173620070305     
          94          96  0.97201424788785118     
          96          97  0.97187043461399247     
          96          98  0.97313362329402353     
          96          99   1.0076914980545757     
          99         100  0.96353419494334847     
          99         101  0.94525905236654895     
          99         102  0.97925396161698897     
         102         103   1.6195418327611588     
         102         104   1.3052646877860139     
         103         104  0.18513429401803189     
         104         105  0.92533411596456250     
         104         106  0.90932298053502436     
          94         107  0.95355647796663634     
         107         108   1.6199982091732066     
         107         109   1.2814861114393761     
         108         109  0.18468786575005824     
         109         110  0.91551441956835411     
         109         111  0.98636040050038531     
         111         112  0.94572740017455537     
         111         113  0.96840548914560309     
         113         114  0.96941395314820711     
         113         115  0.97372149226757432     
         113         116   1.0073018435591075     
         116         117  0.95467359813285113     
         116         118  0.97134549422420158     
         116         119  0.93070120723086847     
         119         120   1.4708068819918512     
         119         121   1.4983278913964380     
         120         121  0.20891765278950361     
         111         122  0.94294015988684288     
         122         123   1.6172743233006996     
         122         124   1.3123571576034236     
         123         124  0.19683757618326966     
         124         125  0.91013081825781539     
         124         126  0.98243132144908007     
         126         127  0.94694039375470240     
         126         128  0.95730290299079246     
         128         129  0.96512355160802110     
         128         130   1.0022067361389768     
         130         131  0.98249690877894014     
         130         132  0.98399729849943085     
         130         133  0.98370068040992109     
         128         134   1.0049491654937495     
         134         135  0.98486510448790743     
         134         136  0.98554502358374008     
         134         137  0.98415991299747874     
         126         138  0.94586395398221490     
         138         139   1.6274467898720402     
         138         140   1.2913602740589747     
         139         140  0.18483976838057925     
         140         141  0.90490543378354171     
         140         142  0.97965653864836388     
         142         143  0.94103468516609001     
         142         144  0.94238893995487538     
         144         145  0.96111409353400978     
         144         146   1.0025258626776494     
         146         147  0.98458833292855519     
         146         148  0.97488488165634390     
         146         149  0.98340853847688159     
         144         150  0.99426506452867647     
         150         151  0.97499495550612847     
         150         152  0.96473450480601342     
         150         153   1.0167337826008014     
         153         154  0.97992589774019256     
         153         155  0.98338462671547677     
         153         156  0.98539588614985929     
         142         157  0.98688260943936357     
         157         158   1.8790031385971693     
         159         160  0.94941604649649314     
         159         161   1.0345893311342933     
         161         162  0.92684595077945309     
         161         163  0.93921599150877866     
         163         164  0.95978521614309809     
         163         165  0.96512100409609458     
         163         166   1.0074867826009348     
         166         167   1.4088241844524052     
         167         168  0.96897445976376473     
         167         169   1.4467133970278234     
         169         170  0.96313873289161289     
         169         171   1.3599104594135125     
         171         172   1.0674047446299375     
         172         173  0.82617332234107388     
         167         174  0.10501415513588049     
         171         174   1.3631445103667952     
         174         175  0.96763509074986320     
         166         176   1.4007442925789113     
         169         176  0.10579150575980412     
         174         176   1.4515923913957089     
         176         177  0.96242029924557615     
         161         178  0.97897962988635034     
         178         179   1.8792071875178975     
         180         181  0.92504064575039757     
         180         182   1.0140775226700223     
         182         183  0.95599056072824218     
         182         184  0.93677692090455345     
         184         185  0.95564401444652747     
         184         186  0.96127483112296774     
         184         187   1.0194580491136913     
         187         188   1.2626939890643507     
         188         189   1.5239042419926581     
         189         190  0.96526325019885739     
         188         191  0.10222137918040416     
         189         191   1.2952199599542649     
         191         192  0.91891791005977741     
         187         193   1.5454257850562454     
         189         193  0.11122791068041131     
         191         193   1.2030647846264131     
         193         194  0.96628683819905736     
         182         195  0.97904414561699904     
         195         196   1.8851272894048459     
         197         198  0.91684334694466574     
         197         199   1.0367720485269756     
         199         200  0.95264997304775156     
         199         201  0.93631277925723433     
         201         202  0.96221864041585903     
         201         203   1.0076390888389013     
         203         204  0.97965699203072698     
         203         205  0.97935098617566307     
         203         206  0.97749356184914704     
         201         207  0.99478391330415272     
         207         208  0.97363482822498315     
         207         209  0.97263445710219032     
         207         210   1.0150422951654559     
         210         211  0.98685823511470305     
         210         212  0.98369572231317559     
         210         213  0.98453592739658491     
         199         214  0.93059486262992896     
         214         215   1.6292976954395377     
         214         216   1.2982801326832649     
         215         216  0.19403177532844004     
         216         217  0.87669224308769444     
         216         218  0.96695449234200748     
         218         219  0.95507741230395471     
         218         220  0.96110614528850180     
         220         221  0.96340460525342075     
         220         222   1.0023520853665204     
         222         223  0.98489314838776676     
         222         224  0.98099954889956587     
         222         225  0.98139723258223877     
         220         226  0.99506355736387120     
         226         227  0.97107577431875625     
         226         228  0.97464364876470233     
         226         229   1.0168638400009127     
         229         230  0.98506337267585165     
         229         231  0.98322603963478694     
         229         232  0.98521102030093333     
         218         233  0.96897719804971838     
         233         234   1.8960372029419337     
          60         235  0.93683935019644582     
          90         236  0.93855442014250112     
          92         237  0.95561676265095907     
         157         238  0.93760776496333320     
         159         239  0.94674386619866746     
         178         240  0.93332224237941164     
         180         241  0.94478831105507988     
         195         242  0.93450797734081181     
         197         243  0.93874103052161639     
         233         244  0.93700871348409043     
