    0.28116724
   -0.08338129
    0.08650010
    0.06241175
   -0.07904980
    0.03057181
   -0.03601972
   -0.03328432
   -0.03052086
   -0.03067928
   -0.03557573
   -0.23391313
   -0.43033765
    0.34736230
   -0.13541936
   -0.00362819
   -0.39876933
   -0.05600508
    0.06182302
   -0.07529223
    0.02228235
   -0.25871568
    1.13981214
   -0.08182458
   -0.02994406
   -0.03644603
    0.04107096
   -0.03987233
   -0.03895597
   -0.65360989
   -0.63693187
   -0.13888315
    0.27764771
    0.08630668
    0.09096355
    0.12628473
    0.13596850
    0.05202185
    0.05383577
    0.04852523
    0.06950642
    0.06029841
    0.06038434
    0.07809283
    0.06193237
    0.05808995
    0.08124449
    0.11565460
    0.11914873
    0.14055477
    0.13857202
    0.12125936
    0.08219393
    0.08030101
    0.07506304
    0.06497043
    0.07776639
    0.06632508
    0.08114570
