   -0.37613708
    0.15503080
    0.03418820
    0.06646798
   -0.06860154
    0.06382224
    0.04140123
    0.01544502
   -0.03531640
    0.05083595
   -0.04276320
    0.06120985
   -0.04312088
    0.03775866
   -0.03776324
    0.01571531
   -0.03633128
   -0.00216148
    0.27147942
   -0.53576403
   -0.16080247
    0.21856467
    0.04731692
    0.07912119
   -0.07680623
    0.05288558
    0.05535122
    0.35501590
   -0.65638477
   -0.66689173
    0.21105727
   -0.36811607
   -0.37496242
    0.17887221
    0.02533199
    0.06841033
   -0.05774761
    0.06296684
    0.04248718
   -0.09317495
    0.06570490
    0.07809293
    0.28293657
   -0.53468931
   -0.31113722
    0.23299011
    0.25960689
    0.26777709
   -0.52263415
   -0.17271813
    0.21377801
    0.02591783
    0.08635370
   -0.04693008
    0.04221408
    0.04896334
   -0.09300234
    0.04593053
    0.03076805
    0.36124738
   -0.67748855
   -0.65794487
    0.27664557
   -0.51785341
   -0.15041390
    0.20536915
    0.02369006
    0.07795464
   -0.02167517
    0.05686423
   -0.13097616
    0.07691942
    0.04314945
    0.05335871
   -0.11545100
    0.03789202
    0.03147482
    0.06232720
    0.27539729
   -0.51783559
   -0.16352184
    0.21643138
    0.03149045
    0.08887660
   -0.01904798
    0.06161434
   -0.12446112
    0.05127227
    0.06421767
    0.05828696
   -0.06100113
    0.03976205
    0.03371506
   -0.12150742
    0.05828022
    0.04276536
    0.05017380
    0.20040949
   -0.39060690
   -0.36938558
    0.15985987
    0.04605263
    0.08374929
   -0.07157494
    0.05823858
    0.06831409
    0.00727776
   -0.04434392
    0.04582383
   -0.07901065
    0.04521145
    0.14151837
   -0.46468908
    0.36095629
   -0.06209967
    0.04958124
   -0.03951078
    0.04877507
    0.20036825
   -0.40076447
   -0.35468868
    0.16799335
    0.04506159
    0.05853736
   -0.06690659
    0.04431956
    0.04927756
    0.05527299
   -0.32162676
    0.07787892
    0.05042040
   -0.09681305
    0.19256789
   -0.02556541
    0.03684234
    0.20787706
   -0.35586349
   -0.38114319
    0.18105154
    0.02402673
    0.05100151
   -0.02829940
    0.05082635
   -0.10915701
    0.03694228
    0.05019769
    0.02992444
   -0.05370036
    0.03098459
    0.02097062
   -0.10296986
    0.04043612
    0.03532093
    0.01955364
    0.27357251
   -0.51418121
   -0.17844674
    0.23039494
    0.02713104
    0.07670632
   -0.02138156
    0.04609709
   -0.12408492
    0.05815962
    0.05877304
    0.03504415
   -0.05190726
    0.01984932
    0.02944863
   -0.10318426
    0.03499567
    0.04463041
    0.04933913
    0.20606394
   -0.36328079
    0.19450485
    0.07196984
    0.15528944
    0.07436299
    0.16957920
    0.06379445
    0.17067441
    0.07314190
    0.18621820
    0.07421241
