           1           2  0.94930540255287366     
           1           3   1.0259985200153756     
           3           4  0.93964779182402569     
           3           5  0.95452377510926378     
           5           6  0.96868156994678301     
           5           7  0.96267878561303044     
           5           8   1.0110666992453263     
           8           9   1.4256783409487859     
           9          10  0.96784230499750135     
           9          11   1.4242637821467921     
          11          12  0.96857902293684939     
           8          13  0.10707664160736687     
          11          13   1.4529306583783363     
          13          14  0.97131038097311051     
           9          15  0.11091712719830679     
          13          15   1.4207538571537404     
          15          16  0.97265029334099351     
           8          17   1.3944516749972475     
          11          17  0.11240954663968164     
          15          17   1.4577946081595052     
          17          18  0.96729456698949734     
           3          19  0.94667373180876413     
          19          20   1.6053076819833165     
          19          21   1.3028070756616927     
          20          21  0.18618632158865156     
          21          22  0.90627171493187864     
          21          23  0.98162461146493762     
          23          24  0.95571405846158242     
          23          25  0.94456916634055255     
          25          26  0.96601419260206545     
          25          27  0.95232516393313671     
          25          28  0.94542503821165447     
          28          29   1.4861864361333550     
          28          30   1.4787530720913367     
          29          30  0.20998341108169827     
          23          31  0.99049874705978047     
          31          32   1.8767572688449665     
          33          34  0.95606584306534392     
          33          35   1.0158525369778861     
          35          36  0.93450398541673452     
          35          37  0.97718511440396139     
          37          38  0.97252191926428311     
          37          39  0.97501359994847758     
          37          40   1.0073507926161818     
          40          41  0.96391574037749506     
          40          42  0.94526250256395272     
          40          43  0.98042721132589328     
          43          44   1.6190887579484690     
          43          45   1.3049199070555280     
          44          45  0.18485077219098078     
          45          46  0.92556407819553344     
          45          47  0.90875882087085080     
          35          48  0.95424081665731386     
          48          49   1.6166446308741920     
          48          50   1.2824154907914562     
          49          50  0.18427739187507053     
          50          51  0.91605683182390829     
          50          52  0.98594797710104898     
          52          53  0.94501729585594008     
          52          54  0.96831170464156358     
          54          55  0.97279682458728645     
          54          56  0.97420523579298091     
          54          57   1.0075275900326044     
          57          58  0.95633672164403427     
          57          59  0.97219367888088659     
          57          60  0.93824122445977098     
          60          61   1.4699506808158127     
          60          62   1.4971862169093679     
          61          62  0.21128743677631112     
          52          63  0.94402204779508814     
          63          64   1.6155698413246018     
          63          65   1.3132006630753699     
          64          65  0.19593741265527509     
          65          66  0.91060354313591696     
          65          67  0.98286605059959564     
          67          68  0.94608917341545662     
          67          69  0.95717217307308089     
          69          70  0.96542124527481699     
          69          71   1.0020570477126507     
          71          72  0.98267330876236003     
          71          73  0.98392068708959934     
          71          74  0.98359746421532834     
          69          75   1.0049197867944828     
          75          76  0.98485385139141624     
          75          77  0.98568740188934156     
          75          78  0.98423661423282205     
          67          79  0.94637567997116978     
          79          80   1.6261153735760783     
          79          81   1.2908174247338031     
          80          81  0.18427676014810346     
          81          82  0.90496609401565031     
          81          83  0.97990037154964849     
          83          84  0.94127297665364495     
          83          85  0.94327793777417512     
          85          86  0.96148982501947688     
          85          87   1.0024641929124953     
          87          88  0.98433278724487572     
          87          89  0.97561253508474211     
          87          90  0.98381988280030852     
          85          91  0.99439471062469542     
          91          92  0.97501625533066738     
          91          93  0.96483861276611282     
          91          94   1.0168941318394424     
          94          95  0.98016642269025533     
          94          96  0.98358908639058429     
          94          97  0.98553542304870811     
          83          98  0.98656376955839331     
          98          99   1.8715568417290145     
         100         101  0.95917501913473224     
         100         102   1.0308977477361916     
         102         103  0.92895291815245540     
         102         104  0.94523004978166625     
         104         105  0.96286104991478405     
         104         106  0.96723910095425869     
         104         107   1.0062369885495464     
         107         108   1.4132784034472172     
         108         109  0.96893219112762874     
         108         110   1.4425562049117644     
         110         111  0.96166952788172511     
         110         112   1.3658178668914460     
         112         113   1.0614746019759145     
         113         114  0.84801683036903897     
         108         115  0.10715855245986777     
         112         115   1.3688924418580399     
         115         116  0.96899563138969969     
         107         117   1.4033317709294293     
         110         117  0.10633081120105511     
         115         117   1.4497468045607822     
         117         118  0.96374963896749111     
         102         119  0.98543350742042590     
         119         120   1.8725525528001268     
         121         122  0.93751951764925845     
         121         123   1.0069940821116998     
         123         124  0.96280927164933061     
         123         125  0.94898069311189204     
         125         126  0.96130558065310134     
         125         127  0.96487942732725940     
         125         128   1.0157051413628997     
         128         129   1.2707624124360701     
         129         130   1.5236455152293320     
         130         131  0.96402067109283740     
         129         132  0.10476977454649765     
         130         132   1.2903104877029530     
         132         133  0.91784611612926148     
         128         134   1.5560653802491744     
         130         134  0.12010537363219280     
         132         134   1.2047581486162562     
         134         135  0.96822751478086055     
         123         136  0.98050160526505115     
         136         137   1.8615287573771968     
         138         139  0.92996383687962658     
         138         140   1.0278022484182383     
         140         141  0.95768261578025826     
         140         142  0.95340688237269844     
         142         143  0.96377507074704882     
         142         144   1.0080923447259904     
         144         145  0.98383916605732802     
         144         146  0.98018487475841320     
         144         147  0.97887877422316938     
         142         148  0.99505604460292896     
         148         149  0.97482466134472423     
         148         150  0.97696590950806483     
         148         151   1.0166683221249033     
         151         152  0.98714788917429264     
         151         153  0.98484825579346902     
         151         154  0.98634299095082589     
         140         155  0.93838845445926278     
         155         156   1.6259710635470319     
         155         157   1.2939756019929494     
         156         157  0.19229777687486840     
         157         158  0.88103216577348853     
         157         159  0.96585174849454758     
         159         160  0.95579807928208016     
         159         161  0.96196359630932726     
         161         162  0.96432947613207365     
         161         163   1.0023768993148472     
         163         164  0.98484877736853027     
         163         165  0.98130459642183987     
         163         166  0.98172338837205886     
         161         167  0.99511535746313595     
         167         168  0.97154551100462516     
         167         169  0.97481072607854335     
         167         170   1.0165600964630386     
         170         171  0.98550457571325323     
         170         172  0.98338323893527368     
         170         173  0.98527611889999434     
         159         174  0.96953914299114674     
         174         175   1.8774253487118235     
           1         176  0.94608775475331452     
          31         177  0.93841056600232342     
          33         178  0.96052803226442551     
          98         179  0.93800472929531498     
         100         180  0.95560146842329308     
         119         181  0.93552879832740032     
         121         182  0.95383724453700314     
         136         183  0.93681846663777946     
         138         184  0.95003958395264065     
         174         185  0.93685819436448292     
