           1           2   1.1919898751085469     
           2           3   1.1801693804304818     
           3           5   1.0270890219969893     
           5           6  0.97186750957428647     
           6           7   1.4101433136874504     
           7           8   1.4364762150631942     
           6           9  0.10792768549329426     
           8           9   1.4389108924965899     
           7          10  0.11144234268416957     
           9          10   1.4280836663323495     
           6          11   1.4048535232019803     
           8          11  0.10891685357116790     
          10          11   1.4462972092743445     
           4          12  0.93741666672208890     
          12          13  0.14547407614566518     
           3          14   1.1070316996497838     
          12          14   1.0677000859186623     
          13          14   1.6081039820519651     
           4          15   1.0117179749479410     
           1          17   1.6639121344852834     
           2          17  0.13330556826047027     
          16          18   1.0004366161800624     
          18          19  0.98930832412231506     
          19          20  0.99079918483123841     
           1          21  0.93725126375251366     
          20          21  0.99135182801617650     
          16          22  0.99206537874934675     
          21          22  0.98185802374613029     
          22          23  0.88580922225035752     
          23          24  0.73219244000453299     
          24          25   1.3985185270723697     
          25          26   1.4462515545511661     
          26          27   1.4001212724798737     
          25          28  0.10742148894766686     
          27          28   1.4065815460894617     
          24          29   1.4156291753479007     
          26          29  0.10681978032774683     
          28          29   1.4330513847866573     
          23          30   1.5328571588971043     
          23          31   1.5737213832914414     
          30          31  0.10387527993012483     
          27          32   1.0250506691927761     
           2          33  0.88318676880387070     
           4          34  0.96451899102115868     
           4          35  0.96392475871581706     
           5          36  0.94972251889802872     
           5          37  0.94626126085692408     
           7          38  0.96932201927530581     
           8          39  0.96831750581146492     
           9          40  0.96723730267340891     
          10          41  0.96252547735559779     
          11          42  0.96852899900679124     
          15          43  0.98403616672500938     
          15          44  0.98300110823830977     
          15          45  0.98421678986302330     
          16          46  0.96611474060141522     
          16          47  0.96372505729494606     
          18          48  0.97561676484977089     
          18          49  0.97257173406692754     
          20          50  0.96573750120465174     
          20          51  0.94756161302568487     
          21          52  0.93552851282670391     
          25          53  0.96302640241990545     
          26          54  0.96138289586792181     
          28          55  0.96229993325227103     
          29          56  0.96649135196815605     
          32          57  0.98121555371360947     
          32          58  0.96004192341836903     
          32          59  0.96755468660006039     
          60          61  0.95070687678161891     
          60          62   1.0365749281735879     
          62          63  0.93902462775021123     
          62          64  0.92031400971645039     
          64          65  0.95627317493932518     
          64          66  0.96786650810750074     
          64          67   1.0056278852834657     
          67          68   1.4033199933198033     
          68          69  0.96715997441772195     
          68          70   1.4432070266276640     
          70          71  0.96835698269617754     
          70          72   1.3728521165499057     
          72          73   1.0522774076157786     
          73          74  0.81010186230280601     
          68          75  0.10858918547126412     
          72          75   1.3623317230718772     
          75          76  0.97058430081037939     
          67          77   1.4044192510324609     
          70          77  0.10565825449787837     
          75          77   1.4499326696209807     
          77          78  0.96412553256462752     
          62          79  0.98808487481205820     
          79          80   1.8840623733744781     
          81          82  0.95288892638976386     
          81          83   1.0311144645308257     
          83          84  0.94992451646226483     
          83          85  0.94957102909171731     
          85          86  0.95932042480202506     
          85          87  0.96674251997131655     
          85          88   1.0102476902935902     
          88          89   1.4210673161104965     
          89          90  0.96641042813204114     
          89          91   1.4331796637704375     
          91          92  0.97027705184437374     
          88          93  0.10576325071001996     
          91          93   1.4398846271429815     
          93          94  0.97023805614987246     
          89          95  0.10910477389901579     
          93          95   1.4389837594490829     
          95          96  0.97107194196337976     
          88          97   1.4022506507288002     
          91          97  0.11650919227555807     
          95          97   1.4437346078441666     
          97          98  0.96829959092320750     
          83          99  0.93230925970358391     
          99         100   1.6202929179692844     
          99         101   1.2939985766075381     
         100         101  0.18578224703990506     
         101         102  0.90540423308819329     
         101         103  0.98801822694695152     
         103         104  0.94630585299113990     
         103         105  0.94437466192543407     
         105         106  0.97433523122533994     
         105         107  0.95251249446885800     
         105         108  0.93950126990367000     
         108         109   1.5053159161327407     
         108         110   1.4568914990611834     
         109         110  0.21315954014935676     
         103         111  0.98992380663520474     
         111         112   1.8934361097931294     
         113         114  0.94893151782349583     
         113         115   1.0228129119809708     
         115         116  0.96163158487799349     
         115         117  0.95066892039828055     
         117         118  0.97004262032034627     
         117         119  0.95566997407048837     
         117         120   1.0054957250500327     
         120         121   1.4081184891658765     
         121         122  0.96591755358381337     
         121         123   1.4490019683704267     
         123         124  0.97068812700946783     
         120         125  0.11056046362176512     
         123         125   1.4294755933366816     
         125         126  0.96443207176468837     
         121         127  0.10747111508506091     
         125         127   1.4407728490476581     
         127         128  0.97043191911068183     
         120         129   1.4101405937102234     
         123         129  0.11270837245099427     
         127         129   1.4434279512026309     
         129         130  0.96808352861410807     
         115         131  0.95911097351845087     
         131         132   1.9086423577089711     
         133         134  0.94493618571080773     
         133         135   1.0306791171984317     
         135         136  0.93971485733275073     
         135         137  0.91616112336303113     
         137         138  0.95952197711643594     
         137         139  0.96972258140228373     
         137         140   1.0142540101507087     
         140         141   1.4111003456929447     
         141         142  0.96697390878266765     
         141         143   1.4415040672531667     
         143         144  0.96952029450741051     
         140         145  0.11201990646767888     
         143         145   1.4370407359144104     
         145         146  0.97174308996144243     
         141         147  0.10832852189526088     
         145         147   1.4298290199630854     
         147         148  0.97149718264639195     
         140         149   1.4016368405176289     
         143         149  0.11001057282665090     
         147         149   1.4542173020187408     
         149         150  0.96911069602169242     
         135         151  0.99803620261354575     
         151         152   1.8751599236693139     
         153         154  0.94931125708096609     
         153         155   1.0163412756481289     
         155         156  0.95116177917304578     
         155         157  0.97843989371030204     
         157         158  0.97113095976287189     
         157         159  0.96810038713768720     
         157         160  0.99776038664502797     
         160         161  0.97204627562931922     
         160         162  0.97670093650454004     
         160         163  0.94015270147480279     
         163         164   1.4822869694636340     
         163         165   1.4844146429378828     
         164         165  0.20717969284962864     
         155         166  0.93424583715776077     
         166         167   1.6164022899194308     
         166         168   1.3003579410676067     
         167         168  0.18586182296554643     
         168         169  0.90426295514172850     
         168         170  0.98994743311956568     
         170         171  0.93834184212527627     
         170         172  0.95500954544482564     
         172         173  0.96199891025423956     
         172         174   1.0067153261124435     
         174         175  0.98454237123315003     
         174         176  0.98262334358502867     
         174         177  0.98018907977661329     
         172         178   1.0085685769574884     
         178         179  0.98012949747208578     
         178         180  0.98455349118835467     
         178         181  0.97995800386908638     
         170         182  0.94676081883752117     
         182         183   1.6113797363408406     
         182         184   1.3015813233872289     
         183         184  0.18654445278886553     
         184         185  0.91927553869981871     
         184         186  0.97966609909569147     
         186         187  0.94134223191909050     
         186         188  0.94207496189747775     
         188         189  0.95893733253028901     
         188         190   1.0047993045261099     
         190         191  0.98129494967867625     
         190         192  0.97186547130430812     
         190         193  0.97630453580666321     
         188         194  0.99823340965224183     
         194         195  0.97340487528951325     
         194         196  0.97410845440194505     
         194         197   1.0110498586785606     
         197         198  0.98589190795838855     
         197         199  0.98684728835509183     
         197         200  0.99011280524083711     
         186         201  0.98218855366136015     
         201         202   1.8900917772068839     
         203         204  0.95102778412208600     
         203         205   1.0404544180948347     
         205         206  0.91945330290455485     
         205         207  0.95125160608941262     
         207         208  0.96138818363148681     
         207         209  0.97054974847272035     
         207         210   1.0077358092491500     
         210         211   1.4000930700362590     
         211         212  0.96852233361850704     
         211         213   1.4576374588602421     
         213         214  0.96511139261367151     
         213         215   1.3576612548056926     
         215         216   1.0653770583551310     
         216         217  0.87037006518919180     
         211         218  0.10744527411931067     
         215         218   1.3713485538974954     
         218         219  0.96806213921118278     
         210         220   1.4125384563605810     
         213         220  0.10615245796776793     
         218         220   1.4450596696921643     
         220         221  0.96618484073442712     
         205         222  0.97125988852766043     
         222         223   1.8766855523677630     
         224         225  0.91361884149821393     
         224         226   1.0149486279905640     
         226         227  0.95701146646154345     
         226         228  0.94173500054621995     
         228         229  0.96049904014324761     
         228         230  0.96474608800772799     
         228         231   1.0102160409496097     
         231         232   1.2481485683757771     
         232         233   1.5441853948243207     
         233         234  0.96456509949831248     
         232         235  0.10837149653079958     
         233         235   1.2851119582228290     
         235         236  0.91939172711181871     
         231         237   1.5750174931300820     
         233         237  0.10855015998175754     
         235         237   1.1994052013114671     
         237         238  0.95654747534471740     
         226         239  0.98127063110179535     
         239         240   1.8947283851197296     
         241         242  0.94002992334250424     
         241         243   1.0232541576944312     
         243         244  0.95186526494336188     
         243         245  0.94480704523755510     
         245         246  0.96248474322474342     
         245         247   1.0099245220619637     
         247         248  0.97181463010138514     
         247         249  0.97717321782553479     
         247         250  0.97544139454369760     
         245         251  0.99397514763292583     
         251         252  0.97612281062713313     
         251         253  0.97553053468012285     
         251         254   1.0153544004460702     
         254         255  0.98558383821547990     
         254         256  0.97699807534587546     
         254         257  0.98424630550594738     
         243         258  0.94390205360573320     
         258         259   1.6060401116123917     
         258         260   1.3181555224258867     
         259         260  0.19119003421347436     
         260         261  0.89146135545526750     
         260         262  0.97128634067521813     
         262         263  0.95355492214815019     
         262         264  0.96273119467696200     
         264         265  0.95117934458341380     
         264         266   1.0040419991598051     
         266         267  0.97813584139612586     
         266         268  0.98308000830851894     
         266         269  0.98554128832509158     
         264         270  0.99383341218006382     
         270         271  0.96912215069032837     
         270         272  0.97484432894383544     
         270         273   1.0187383749642438     
         273         274  0.98543425705521914     
         273         275  0.98211976465269790     
         273         276  0.98158397539376752     
         262         277  0.96458048675539076     
         277         278   1.8800587942855578     
          60         279  0.93722963040368013     
          79         280  0.93441786103238678     
          81         281  0.94562195824578144     
         111         282  0.94073248466344939     
         113         283  0.94561730705627933     
         131         284  0.93650507841313990     
         133         285  0.95133660205995851     
         151         286  0.94060467058935682     
         153         287  0.94696337851701473     
         201         288  0.93586413603275409     
         203         289  0.94802666688483550     
         222         290  0.93239486888737999     
         224         291  0.94814427268978052     
         239         292  0.94034491612970761     
         241         293  0.94529603008321450     
         277         294  0.93866775261713808     
