           1           2   1.1810193137329759     
           2           3   1.1756234669559611     
           3           5   1.0398108151771441     
           5           6  0.97809918854654954     
           6           7   1.4153703828518134     
           7           8   1.4378705495045692     
           6           9  0.10873570451979028     
           8           9   1.4247023281078397     
           7          10  0.10906360719971708     
           9          10   1.4329039532034609     
           6          11   1.4045094941010887     
           8          11  0.11273689794988354     
          10          11   1.4459797023637180     
           4          12  0.92803597474327115     
          12          13  0.15390594645076930     
           3          14   1.0818356993868727     
          12          14   1.1021878467131987     
          13          14   1.6146084385811108     
           4          15   1.0149290114794156     
           1          17   1.6785132939335108     
           2          17  0.14334547837264930     
          16          18   1.0010117963083738     
          18          19  0.98659249437630314     
          19          20  0.98907231021527942     
           1          21  0.93811157752842045     
          20          21  0.99188274345145755     
          16          22  0.98323668973462586     
          21          22  0.98643451542759386     
          22          23  0.87940545078091703     
          23          24  0.73204131552565921     
          24          25   1.4017943429590873     
          25          26   1.4453827093082388     
          26          27   1.3993950230814483     
          25          28  0.10254520994878627     
          27          28   1.3978043374869635     
          24          29   1.3961137822295904     
          26          29  0.10373846486131123     
          28          29   1.4496636911827585     
          23          30   1.5598745794769044     
          23          31   1.5166253629122957     
          30          31  0.10525349966567722     
          27          32   1.0291449976279980     
           2          33  0.87038125440168901     
           4          34  0.96950375309820247     
           4          35  0.96739817303721731     
           5          36  0.94991323581397413     
           5          37  0.92294806844023769     
           7          38  0.96494435235869580     
           8          39  0.96778764165395204     
           9          40  0.96506746900064089     
          10          41  0.96488316730780310     
          11          42  0.96894827352873125     
          15          43  0.98451749401016808     
          15          44  0.98243439041098646     
          15          45  0.98359186983514046     
          16          46  0.96362130425941583     
          16          47  0.95857556610419181     
          18          48  0.97189283262557158     
          18          49  0.96387547956456943     
          20          50  0.97181858204330585     
          20          51  0.95569381811974108     
          21          52  0.91303665669575906     
          25          53  0.95789005834099417     
          26          54  0.96104900868827747     
          28          55  0.95746548018188649     
          29          56  0.95941055224806082     
          32          57  0.97333122018669460     
          32          58  0.97261190453043156     
          32          59  0.95691250057686839     
          60          61  0.94903628754135672     
          60          62   1.0345786872073950     
          62          63  0.94058349718114020     
          62          64  0.91813436980648877     
          64          65  0.96454454498947084     
          64          66  0.96394303737779374     
          64          67   1.0143826335690918     
          67          68   1.3978086411969137     
          68          69  0.96869307270208971     
          68          70   1.4537155538261104     
          70          71  0.96805675877443109     
          70          72   1.3607068141561132     
          72          73   1.0842535004331901     
          73          74  0.82502066394468354     
          68          75  0.10743850746445081     
          72          75   1.3557894143327298     
          75          76  0.95224389227819173     
          67          77   1.4025382819323391     
          70          77  0.10188520301841662     
          75          77   1.4554842284736766     
          77          78  0.96549791924824846     
          62          79  0.99464140336065732     
          79          80   1.8789607926153478     
          81          82  0.95292197256719158     
          81          83   1.0228710120583600     
          83          84  0.95271959977387743     
          83          85  0.95635068912065657     
          85          86  0.96557729277019688     
          85          87  0.95870594001622256     
          85          88   1.0088651719818034     
          88          89   1.4048671769498493     
          89          90  0.96703708910763897     
          89          91   1.4436011161113658     
          91          92  0.97026915085948751     
          88          93  0.10473117761485337     
          91          93   1.4356482079803075     
          93          94  0.97246755784732097     
          89          95  0.11315935684670833     
          93          95   1.4390786170817222     
          95          96  0.96908434914034547     
          88          97   1.4190418751445861     
          91          97  0.11128274535953990     
          95          97   1.4316929804717600     
          97          98  0.96534618062231570     
          83          99  0.93769077731234818     
          99         100   1.6164006490733580     
          99         101   1.2989451791812283     
         100         101  0.18961395244384718     
         101         102  0.91502720403861271     
         101         103  0.98722976532474094     
         103         104  0.92271997848602982     
         103         105  0.94900234350396762     
         105         106  0.96976506043225008     
         105         107  0.94530656215301023     
         105         108  0.93116072364554758     
         108         109   1.4851076734976332     
         108         110   1.4808210676619888     
         109         110  0.21545946412704189     
         103         111  0.99973997540772364     
         111         112   1.8832856919504104     
         113         114  0.95031365963755099     
         113         115   1.0391709933903179     
         115         116  0.91391010269538120     
         115         117  0.96593590567107990     
         117         118  0.96905548790618679     
         117         119  0.97015620412879466     
         117         120   1.0031036755877654     
         120         121  0.97189219698033291     
         120         122  0.96995917134245313     
         120         123  0.99773510348374450     
         123         124  0.96456648990020311     
         123         125  0.96641401753099798     
         123         126  0.97880570511978937     
         126         127  0.91806453828219559     
         126         128   1.3016107052739390     
         126         129  0.10056093875987852     
         128         129   1.3371488796035753     
         129         130  0.91736594938659866     
         129         131  0.85086882622799442     
         128         132   1.3047100777905130     
         129         132  0.10431988933197406     
         132         133  0.92265754639111219     
         132         134  0.92293396134094607     
         115         135  0.97182657442301745     
         135         136   1.8679983961230078     
         137         138  0.94961537906547167     
         137         139   1.0156634735609085     
         139         140  0.96669472618410812     
         139         141  0.94553278635726423     
         141         142  0.96694288966389297     
         141         143  0.95885993563135674     
         141         144   1.0087056632761642     
         144         145   1.3980979170665926     
         145         146  0.96939714077453365     
         145         147   1.4501124835209427     
         147         148  0.97131478424433193     
         144         149  0.10726991085817278     
         147         149   1.4315922921200479     
         149         150  0.97095081926379889     
         145         151  0.11189341006374753     
         149         151   1.4416628792459172     
         151         152  0.97201025796485430     
         144         153   1.4114666042247930     
         147         153  0.10934655537594501     
         151         153   1.4362297347796213     
         153         154  0.96851726555217843     
         139         155  0.95910775987747010     
         155         156   1.9049276006896825     
         157         158  0.94799449509615852     
         157         159   1.0311545919177048     
         159         160  0.94218583390605626     
         159         161  0.97795603512826079     
         161         162  0.97297311795334085     
         161         163  0.97213106525541360     
         161         164   1.0051011882114251     
         164         165  0.96364279216476567     
         164         166  0.96793400639916105     
         164         167  0.93701565915246643     
         167         168   1.4892140255468993     
         167         169   1.4820813940651489     
         168         169  0.20945746207103133     
         159         170  0.93237819316503756     
         170         171   1.6000398956521149     
         170         172   1.3177942814471690     
         171         172  0.19325685336597648     
         172         173  0.90297009601140577     
         172         174  0.98068514034086185     
         174         175  0.94725848851024730     
         174         176  0.95054660979374983     
         176         177  0.96248469829373873     
         176         178   1.0048067849783786     
         178         179  0.98064319063062788     
         178         180  0.98187709607663987     
         178         181  0.97862651067620665     
         176         182   1.0101423752256722     
         182         183  0.98386021367162035     
         182         184  0.98377772723538626     
         182         185  0.98417145987711707     
         174         186  0.95001151252205251     
         186         187   1.6188020493585658     
         186         188   1.3054404930393766     
         187         188  0.19623537672746816     
         188         189  0.91098325098141908     
         188         190  0.97717468648603467     
         190         191  0.93837875918970093     
         190         192  0.94888103870037677     
         192         193  0.95898908441661934     
         192         194   1.0018811668719942     
         194         195  0.97627043689966708     
         194         196  0.98129001630261903     
         194         197  0.98079177023850639     
         192         198  0.99686997287867685     
         198         199  0.97434273230088531     
         198         200  0.96519692467166074     
         198         201   1.0141365715053083     
         201         202  0.98130901620413991     
         201         203  0.98620100642510500     
         201         204  0.98638829744082934     
         190         205  0.98232883032126084     
         205         206   1.8904015138103496     
         207         208  0.95086330988585510     
         207         209   1.0297142055517972     
         209         210  0.90796647922940754     
         209         211  0.96043306986649213     
         211         212  0.94860219721370065     
         211         213  0.96723464703817430     
         211         214   1.0112865117644525     
         214         215   1.4091983964154144     
         215         216  0.96755389706693973     
         215         217   1.4468266313677438     
         217         218  0.97147782680789163     
         217         219   1.3690275699962988     
         219         220   1.0601115223740885     
         220         221  0.85229289837940703     
         215         222  0.10361572419280141     
         219         222   1.3646679678016174     
         222         223  0.96140631572882063     
         214         224   1.3975131373591840     
         217         224  0.11000967688025905     
         222         224   1.4555617158896805     
         224         225  0.96336901201068825     
         209         226  0.98376003479966534     
         226         227   1.8735882532042663     
         228         229  0.93081848867891459     
         228         230   1.0273038828230470     
         230         231  0.95906771061126606     
         230         232  0.91783032838613621     
         232         233  0.96121651793800289     
         232         234  0.95874109426444798     
         232         235   1.0166769063995120     
         235         236   1.2549095332158131     
         236         237   1.5375746460735749     
         237         238  0.96263089426627424     
         236         239  0.10640601917505392     
         237         239   1.2866413221950312     
         239         240  0.91813526895163677     
         235         241   1.5656217530080689     
         237         241  0.10911103091281103     
         239         241   1.2055484531707006     
         241         242  0.97023317710424606     
         230         243  0.98941499566057112     
         243         244   1.8660733609694269     
         245         246  0.91771170491047771     
         245         247   1.0283320992959368     
         247         248  0.94324526906565764     
         247         249  0.94256322245310187     
         249         250  0.96224444240447993     
         249         251   1.0050302073324671     
         251         252  0.97751564488810838     
         251         253  0.97824292071251806     
         251         254  0.97798361227685171     
         249         255  0.99483173272174819     
         255         256  0.97782478891648816     
         255         257  0.96413632655816905     
         255         258   1.0174863948900081     
         258         259  0.98718460152592202     
         258         260  0.98681712479208650     
         258         261  0.98246854485617208     
         247         262  0.94158246738957418     
         262         263   1.6185509248512495     
         262         264   1.3036694035236962     
         263         264  0.19640232274686484     
         264         265  0.88168305385266699     
         264         266  0.98655374451773514     
         266         267  0.95190532606177869     
         266         268  0.93909208226505081     
         268         269  0.95586308307328083     
         268         270   1.0081302660742215     
         270         271  0.98025480552070410     
         270         272  0.98359617998285787     
         270         273  0.98186504025313481     
         268         274  0.99353468664452527     
         274         275  0.97097664595803546     
         274         276  0.97352138905290009     
         274         277   1.0137227345403923     
         277         278  0.98280838911179780     
         277         279  0.98687018489722855     
         277         280  0.98730242325855000     
         266         281  0.97841245911451025     
         281         282   1.8920160127730088     
          60         283  0.93881619106344127     
          79         284  0.93762110171256530     
          81         285  0.94809739056230979     
         111         286  0.93825289626563868     
         113         287  0.94859067643228756     
         135         288  0.93651359514533439     
         137         289  0.93676490750090147     
         155         290  0.93858763639182530     
         157         291  0.94467008908345129     
         205         292  0.93593616518055955     
         207         293  0.94733773944108035     
         226         294  0.93447394103764592     
         228         295  0.94533764962236821     
         243         296  0.93741843465991548     
         245         297  0.94484669763963147     
         281         298  0.93829608945695786     
