    0.26916627
   -0.10906539
    0.03818484
    0.08923030
   -0.07263171
    0.01594500
   -0.03805413
   -0.03582116
   -0.04110764
   -0.04034195
   -0.03979696
   -0.28626876
   -0.50430913
    0.33137858
   -0.12000928
    0.01485414
   -0.44897241
   -0.02488774
   -0.18724556
   -0.03600002
    0.02599229
   -0.29033831
    1.13977147
   -0.09210398
   -0.02991853
   -0.02686322
    0.03721155
   -0.03618577
   -0.02936533
   -0.65102414
   -0.61188679
   -0.11349961
    0.22981721
    0.04364916
    0.05662811
    0.10053131
    0.10508656
    0.04259602
    0.04882087
    0.06130336
    0.04745353
    0.02286178
    0.07735535
    0.04177180
    0.07570625
    0.04321154
    0.06506803
    0.07881625
    0.07864571
    0.09414602
    0.08642101
    0.10319559
    0.06664713
    0.07166594
    0.07495431
    0.05732443
    0.07755253
    0.05997731
    0.06515242
   -0.34598059
    0.17784214
    0.03140925
    0.07548913
   -0.07349905
    0.06890315
    0.05847783
    0.01376442
   -0.04464802
    0.04909300
   -0.04183670
    0.04375573
   -0.04426551
    0.04083485
   -0.03539115
    0.02995633
   -0.03614137
    0.02484821
    0.26974269
   -0.50003752
   -0.16191791
    0.21937054
    0.04639983
    0.09170577
   -0.08073211
    0.04772997
    0.07945373
    0.36382748
   -0.64026999
   -0.64830694
    0.21245047
   -0.36761531
   -0.34625694
    0.18296222
    0.02734405
    0.05327900
   -0.03769274
    0.02751008
    0.03745147
   -0.08648430
    0.04822321
    0.04968582
    0.36792258
   -0.63626893
   -0.64571146
    0.26779353
   -0.52481848
   -0.16232456
    0.22283331
    0.02669029
    0.07086223
   -0.01538021
    0.06477122
   -0.10820772
    0.02215522
    0.05428613
    0.03983058
   -0.11612782
    0.04302308
    0.05900087
    0.04084816
    0.27467358
   -0.50862976
   -0.16005913
    0.21396066
    0.02812777
    0.08632360
   -0.01935351
    0.06575201
   -0.12671950
    0.05219244
    0.04557769
    0.06260537
   -0.06165101
    0.04382518
    0.04331700
   -0.11722502
    0.04694621
    0.05176888
    0.04442159
    0.21058524
   -0.37463422
   -0.33020885
    0.19138105
    0.04040921
    0.10124865
   -0.07190113
    0.06135956
    0.06410416
    0.00860237
   -0.04071906
    0.05195957
   -0.05249674
    0.03028486
    0.13549298
   -0.44888135
    0.34365898
   -0.07012862
    0.05255317
   -0.04419599
    0.06294460
    0.20040862
   -0.39328906
   -0.30879888
    0.20950240
    0.04244399
    0.07191575
   -0.07034685
    0.06621582
    0.08033040
    0.04380911
   -0.33100960
    0.08441395
    0.03906914
   -0.09423651
    0.22746561
   -0.03486200
    0.06264258
    0.20816839
   -0.35270653
   -0.33332028
    0.18738523
    0.02567393
    0.07828945
   -0.02497286
    0.05098061
   -0.11572979
    0.04837708
    0.03828144
    0.04356386
   -0.06558112
    0.03352435
    0.04692523
   -0.12201409
    0.05823138
    0.03410366
    0.03439664
    0.27199402
   -0.51746147
   -0.15489760
    0.22199894
    0.02877037
    0.07999285
   -0.02462492
    0.07417731
   -0.12699562
    0.04232408
    0.04817288
    0.05845018
   -0.05868019
    0.03239873
    0.04613817
   -0.11173695
    0.04477865
    0.03557985
    0.03452526
    0.20643871
   -0.34930188
    0.19951982
    0.05044828
    0.20095260
    0.07486657
    0.19645684
    0.07829444
    0.18405107
    0.06622030
    0.20693508
    0.07968143
