           1           2   1.1822709987013003     
           2           3   1.1808421288211983     
           3           5   1.0278333821207657     
           5           6  0.99244582117357050     
           6           7   1.4257057434336684     
           7           8   1.4275238711656193     
           6           9  0.10748296532642934     
           8           9   1.4506996442593811     
           7          10  0.10973490945610261     
           9          10   1.4205775849334801     
           6          11   1.3945286844153326     
           8          11  0.11221323171428621     
          10          11   1.4570075954151578     
           4          12  0.93429182691780510     
          12          13  0.14944746281623511     
           3          14   1.0852064900112386     
          12          14   1.0982467253337151     
          13          14   1.6085021078119386     
           4          15   1.0119293780075276     
           1          17   1.6852920208114814     
           2          17  0.13807978390790621     
          16          18   1.0023297304739140     
          18          19  0.99364045406697143     
          19          20  0.98849306374963963     
           1          21  0.94080898025850090     
          20          21  0.98993349621108684     
          16          22  0.98239512645427174     
          21          22  0.98956605347281545     
          22          23  0.89629491785271342     
          23          24  0.73500839389081785     
          24          25   1.4043410598612727     
          25          26   1.4557487100433368     
          24          27  0.10184317130756465     
          26          27   1.3911328240906691     
          25          28  0.10042848162218684     
          27          28   1.4035570236868276     
          24          29   1.4055225101645945     
          26          29  0.10707462780781589     
          28          29   1.4448182092674828     
          23          30   1.5455293741209004     
          23          31   1.5621377666157772     
          30          31  0.10522510861581008     
          27          32   1.0304080781545435     
           2          33  0.88161197991707119     
           4          34  0.96688122753815431     
           4          35  0.96900544788422538     
           5          36  0.93716586477123531     
           5          37  0.92089650025782743     
           7          38  0.96701804936885094     
           8          39  0.96907330748265330     
           9          40  0.96657706968456347     
          10          41  0.96437815090221490     
          11          42  0.96669714849900701     
          15          43  0.98389036351719406     
          15          44  0.98270743639206370     
          15          45  0.97745681983099941     
          16          46  0.96911481940800670     
          16          47  0.96092747280829371     
          18          48  0.96986918279528767     
          18          49  0.96692366096174864     
          20          50  0.96490651364959446     
          20          51  0.96341799315750576     
          21          52  0.92078077874877229     
          25          53  0.96073965874734246     
          26          54  0.96356334714544900     
          28          55  0.96304899100134245     
          29          56  0.96455125740745029     
          32          57  0.96963938390613125     
          32          58  0.95666466980222398     
          32          59  0.97772564034008824     
          60          61  0.94919781232309142     
          60          62   1.0308038822685341     
          62          63  0.94710653992244320     
          62          64  0.94757575361177460     
          64          65  0.96954028204530385     
          64          66  0.95702123234864223     
          64          67   1.0125519486859824     
          67          68   1.4142497588450254     
          68          69  0.96827251047965834     
          68          70   1.4395156348059042     
          70          71  0.97178622792195091     
          67          72  0.10693394267443908     
          70          72   1.4371529100018123     
          72          73  0.97200436193135198     
          68          74  0.10869150978775159     
          72          74   1.4347320236452863     
          74          75  0.97157744212501518     
          67          76   1.4028796135341142     
          70          76  0.11293695931684435     
          74          76   1.4471602192411015     
          76          77  0.96551767850570402     
          62          78  0.93498521213621522     
          78          79   1.6262982247289337     
          78          80   1.2945176036147916     
          79          80  0.18588801067792338     
          80          81  0.90728004383881555     
          80          82  0.99192318118573231     
          82          83  0.93508711173475245     
          82          84  0.94694280817864551     
          84          85  0.95663183540068686     
          84          86  0.94874997565433639     
          84          87  0.94001071525822999     
          87          88   1.4944280093485367     
          87          89   1.4751464770702876     
          88          89  0.21067160037374763     
          82          90  0.99357702706085960     
          90          91   1.8777954606099918     
          92          93  0.94746043381382739     
          92          94   1.0297769798185263     
          94          95  0.94220893728352484     
          94          96  0.97243905884588611     
          96          97  0.97118514012200374     
          96          98  0.97452694331298828     
          96          99   1.0024376854682926     
          99         100  0.95919119475156156     
          99         101  0.97173763418393477     
          99         102  0.92497781779985511     
         102         103   1.4889441692758225     
         102         104   1.4854420077650607     
         103         104  0.21103556288933098     
          94         105  0.92864862509801915     
         105         106   1.6053579076201703     
         105         107   1.3232800845908228     
         106         107  0.19442629183923857     
         107         108  0.89087193856452807     
         107         109  0.98119720567870083     
         109         110  0.94268658171540232     
         109         111  0.96081481656720913     
         111         112  0.95945668713110766     
         111         113   1.0046038517318900     
         113         114  0.98636455233272058     
         113         115  0.98307651296580278     
         113         116  0.98681191972520999     
         111         117   1.0093062688350110     
         117         118  0.97463393693396871     
         117         119  0.98344511718335448     
         117         120  0.98289968049358123     
         109         121  0.94500183484774125     
         121         122   1.6224978315116718     
         121         123   1.3008607501502474     
         122         123  0.19228768003925170     
         123         124  0.91417074396925901     
         123         125  0.97730886010176010     
         125         126  0.93850626616713340     
         125         127  0.94684851635537892     
         127         128  0.95890770598326380     
         127         129   1.0018239454452254     
         129         130  0.97971552614382762     
         129         131  0.97542278959275475     
         129         132  0.97501214364382682     
         127         133  0.99720661961601365     
         133         134  0.97404379660603446     
         133         135  0.96953038539545833     
         133         136   1.0162576680887989     
         136         137  0.98443163453485316     
         136         138  0.98572689824583071     
         136         139  0.98556225611463477     
         125         140  0.98117485661259807     
         140         141   1.8929734384715329     
         142         143  0.94737498086187544     
         142         144   1.0331882107739865     
         144         145  0.91771686233805616     
         144         146  0.95027975070096837     
         146         147  0.95878135740210613     
         146         148  0.96545727598181030     
         146         149   1.0094710610415620     
         149         150   1.3954605294786186     
         150         151  0.96715197483755855     
         150         152   1.4629545092096654     
         152         153  0.96781107948547573     
         152         154   1.3629808605623841     
         154         155   1.0524301391216275     
         155         156  0.86049676259528418     
         150         157  0.10555452525276261     
         154         157   1.3780065517956595     
         157         158  0.96805438320290960     
         149         159   1.4142952639736504     
         152         159  0.10697499821840223     
         157         159   1.4373691484622881     
         159         160  0.96153583054969838     
         144         161  0.97879207738258212     
         161         162   1.8742305044568457     
         163         164  0.91012479879646624     
         163         165   1.0271126989268669     
         165         166  0.94749593011782118     
         165         167  0.92123777002237428     
         167         168  0.96559353020380834     
         167         169  0.95975688100685397     
         167         170   1.0140647341996412     
         170         171   1.2710026198420690     
         171         172   1.5220716158492820     
         172         173  0.96555633181461809     
         171         174  0.10288412533716568     
         172         174   1.3040489000997555     
         174         175  0.91999820309257885     
         170         176   1.5534354603984595     
         172         176  0.11525071211820852     
         174         176   1.1996501418242131     
         176         177  0.96520864941647555     
         165         178  0.98699591248628304     
         178         179   1.8963727565001642     
         180         181  0.94200609681308700     
         180         182   1.0222249431330170     
         182         183  0.94850277491220580     
         182         184  0.94189020332654971     
         184         185  0.96071565915005219     
         184         186   1.0039739176514502     
         186         187  0.97710436658891830     
         186         188  0.98203887236674015     
         186         189  0.97965607809054633     
         184         190  0.99545548212950907     
         190         191  0.97389751583605066     
         190         192  0.97523010378308372     
         190         193   1.0129956454808444     
         193         194  0.98398621027510802     
         193         195  0.98568763374792878     
         193         196  0.98046172592365188     
         182         197  0.94611273455076550     
         197         198   1.6097751659959303     
         197         199   1.3094962727780786     
         198         199  0.19342705174517527     
         199         200  0.90764605762362538     
         199         201  0.96457091848197418     
         201         202  0.95767475489310550     
         201         203  0.95655603395988120     
         203         204  0.95443726834611420     
         203         205   1.0024909110368627     
         205         206  0.98356924266477819     
         205         207  0.98539588885937324     
         205         208  0.97719046260410813     
         203         209  0.99632219782966436     
         209         210  0.97053120863848352     
         209         211  0.97561283401482113     
         209         212   1.0165183253228118     
         212         213  0.98106147994879356     
         212         214  0.98177008790591613     
         212         215  0.98546182626614443     
         201         216  0.97130845855904868     
         216         217   1.8967643847699118     
          60         218  0.94684676290607828     
          90         219  0.93980617333515792     
          92         220  0.94365352029140581     
         140         221  0.93621520222688803     
         142         222  0.94556454972167003     
         161         223  0.93410661349052737     
         163         224  0.95105334187403789     
         178         225  0.93789186784658785     
         180         226  0.94237463873709937     
         216         227  0.93683691639861011     
