           1           2   1.1433870537663653     
           2           3   1.3026803073337188     
           3           5   1.0750031735275112     
           5           6  0.94446910913188664     
           6           7   1.3957637473881663     
           7           8   1.4409325386289371     
           8           9   1.4216513382758638     
           7          10  0.10632232383726199     
           9          10   1.4276843554426857     
           6          11   1.4001689447218473     
           8          11  0.10240884041668083     
          10          11   1.4375461029092116     
           4          12  0.93747754428008045     
          12          13  0.18554566034422049     
           3          14   1.0319204529959363     
          12          14   1.1362542506400548     
          13          14   1.6620711455266963     
           4          15  0.99177176641876463     
           1          17   1.7350488744928008     
           2          17  0.10506532201462158     
          16          18  0.99585046153537415     
          18          19  0.99744873813578405     
          19          20  0.99912223388760735     
           1          21  0.93332835370221667     
          20          21  0.98673586197813412     
          16          22  0.98112790235327929     
          21          22  0.98739708570273854     
          22          23  0.87146570253786648     
          23          24  0.72913053804718675     
          24          25   1.3998617081017932     
          25          26   1.4461679454959981     
          26          27   1.3976273293093731     
          25          28  0.10717198724450822     
          27          28   1.3911093463615321     
          24          29   1.4029885955841637     
          28          29   1.4500719793910981     
          23          30   1.5491568197333798     
          23          31   1.5656477072003812     
          30          31  0.10266268723206434     
          27          32   1.0319812387024223     
           2          33  0.85317704615448986     
           4          34  0.96508468201429809     
           4          35  0.96192554478033931     
           5          36  0.92957922285633821     
           5          37  0.90633459683884021     
           7          38  0.96416096321250777     
           8          39  0.96648249603855474     
           9          40  0.96865012225850888     
          10          41  0.96666009551547405     
          11          42  0.96469320413194137     
          15          43  0.98405095096560624     
          15          44  0.97985587799790552     
          15          45  0.98544464132144616     
          16          46  0.96013590905771440     
          16          47  0.95795583126492279     
          18          48  0.95295189546874870     
          18          49  0.96099538012151253     
          20          50  0.94909891750097797     
          20          51  0.95895856418545489     
          21          52  0.92583449984646171     
          25          53  0.96256125998600561     
          26          54  0.96158085728666021     
          28          55  0.96156334544454358     
          29          56  0.96241181079287896     
          32          57  0.95470126907134756     
          32          58  0.98100144897506225     
          32          59  0.96498659995678060     
