   -0.37645589
    0.15946492
    0.03344903
    0.06328670
   -0.07995408
    0.07709209
    0.06203032
    0.00533082
   -0.04519353
    0.05546868
   -0.04068146
    0.06106684
   -0.03981094
    0.03014193
   -0.03422047
    0.01942769
   -0.03703954
    0.00889675
    0.26954277
   -0.54041284
   -0.16518376
    0.21767601
    0.04069556
    0.07897829
   -0.08212405
    0.04310485
    0.06520136
    0.35937871
   -0.65462624
   -0.65541302
    0.20689236
   -0.37059832
   -0.37900060
    0.18106006
    0.03102294
    0.08264067
   -0.05450761
    0.04887755
    0.04794580
   -0.09673977
    0.08329599
    0.07063562
    0.27887382
   -0.55255638
   -0.30107140
    0.23806408
    0.27345488
    0.26466880
   -0.53536795
   -0.18731542
    0.20973179
    0.02676606
    0.07285293
   -0.04856415
    0.04975536
    0.05171689
   -0.09547110
    0.04346180
    0.03240465
    0.36677622
   -0.66445452
   -0.66334161
    0.27455030
   -0.52389358
   -0.14798829
    0.21202996
    0.02202256
    0.07688399
   -0.01697344
    0.05181634
   -0.11518741
    0.04000244
    0.04718381
    0.04411007
   -0.11267856
    0.04757512
    0.05184280
    0.03192444
    0.26709627
   -0.51005584
   -0.15407824
    0.20693087
    0.01959247
    0.07882395
   -0.01996774
    0.06383755
   -0.11762409
    0.05934879
    0.05624648
    0.03517967
   -0.06143389
    0.04411298
    0.03382055
   -0.12018323
    0.03709764
    0.04484822
    0.05508577
    0.27436949
   -0.52082631
   -0.17192816
    0.23724294
    0.03223974
    0.08963561
   -0.08471811
    0.07511412
    0.07861823
   -0.08062488
    0.07610308
    0.06762927
   -0.02327477
    0.08580117
    0.08642334
   -0.13722948
    0.23738564
    0.23606414
   -0.26610096
    0.25188993
    0.27373397
   -0.28067910
    0.25018314
    0.26225634
    0.21390808
   -0.37461671
   -0.37246424
    0.17085294
    0.04383804
    0.07906178
   -0.06710735
    0.06110260
    0.05577398
    0.00507905
   -0.04288232
    0.04936593
   -0.06381557
    0.04341276
    0.14450891
   -0.44673122
    0.33823592
   -0.07490504
    0.03583446
   -0.04468978
    0.04657534
    0.19719826
   -0.40250764
   -0.36837102
    0.17401072
    0.04128252
    0.06332693
   -0.06638082
    0.04914780
    0.08159654
    0.04372713
   -0.32737801
    0.07712896
    0.04875833
   -0.10792783
    0.22466655
   -0.01963101
    0.01744586
    0.21126731
   -0.36718889
   -0.37768238
    0.16163924
    0.03177412
    0.05047226
   -0.02255896
    0.04459999
   -0.10286856
    0.03438160
    0.04658549
    0.02244773
   -0.05697061
    0.03426496
    0.02386844
   -0.10982886
    0.02826924
    0.04534682
    0.04669046
    0.26818544
   -0.52998100
   -0.16136837
    0.22119302
    0.03026926
    0.07616138
   -0.02349486
    0.07113353
   -0.11438675
    0.04315923
    0.05401067
    0.03604912
   -0.05086050
    0.01925596
    0.04282348
   -0.10525284
    0.03124121
    0.03437131
    0.05255955
    0.20037487
   -0.36679293
    0.19104433
    0.06436890
    0.15210386
    0.07060929
    0.18495214
    0.07099765
    0.18071067
    0.06303261
    0.18405036
    0.07630509
