    0.28619542
   -0.06832400
    0.08508596
    0.06576818
   -0.07849617
    0.03992416
   -0.03442617
   -0.02453913
   -0.03275305
   -0.03596221
   -0.03613364
   -0.23931594
   -0.43552357
    0.35042016
   -0.13435218
   -0.00049580
   -0.39568647
   -0.05486971
    0.04248071
   -0.06620255
    0.02502644
   -0.24961020
    1.14016069
   -0.08586973
   -0.03322909
   -0.03728861
    0.04630691
   -0.03406489
   -0.02785426
   -0.65008869
   -0.63482285
   -0.14036949
    0.27252288
    0.07404847
    0.09340105
    0.13341931
    0.12911575
    0.06846021
    0.05429029
    0.05135919
    0.05891269
    0.03975571
    0.06537974
    0.06120669
    0.05606633
    0.07114596
    0.08837592
    0.11590347
    0.12300425
    0.12549372
    0.12151191
    0.12444551
    0.06878258
    0.08660966
    0.08719599
    0.06076442
    0.05816763
    0.08030902
    0.07926138
