           1           2   1.1329466150887151     
           2           3   1.2976733488127172     
           3           5   1.0603901464372081     
           5           6  0.95182218953256892     
           6           7   1.3824670491729139     
           7           8   1.4442509154994503     
           8           9   1.4247926800873767     
           7          10  0.10787654434392197     
           9          10   1.4212637541196591     
           6          11   1.3996646880914365     
           8          11  0.10258361741280245     
          10          11   1.4413570699489835     
           4          12  0.93865878011896098     
          12          13  0.17637878420095099     
           3          14   1.0399324915375130     
          12          14   1.1344658884629035     
          13          14   1.6491537817372064     
           4          15  0.99358866301493975     
           1          17   1.7417770772126071     
           2          17  0.10013873077853164     
          16          18  0.99087925367491825     
          18          19  0.99508832591358198     
          19          20  0.99920759583213337     
           1          21  0.93997696400897390     
          20          21  0.97790858086688670     
          16          22  0.98421214016867709     
          21          22  0.99483448529026153     
          22          23  0.89449883752334880     
          23          24  0.72522844911416662     
          24          25   1.4031613474175251     
          25          26   1.4475031710469810     
          26          27   1.3994093249217385     
          25          28  0.10655027374362211     
          27          28   1.3988271368308329     
          24          29   1.4070222570992073     
          26          29  0.10243548957639183     
          28          29   1.4446987673056579     
          23          30   1.5615254458331016     
          23          31   1.5669830861182474     
          27          32   1.0297192849146972     
           2          33  0.86586382975569087     
           4          34  0.96365650116666068     
           4          35  0.96273307843320111     
           5          36  0.91778654104115831     
           5          37  0.92686840744595167     
           7          38  0.96403009446903543     
           8          39  0.96631916209501445     
           9          40  0.97003619008360142     
          10          41  0.96765332478580257     
          11          42  0.96229814912053335     
          15          43  0.98249405681464430     
          15          44  0.97360680635488506     
          15          45  0.98041025889419242     
          16          46  0.96094914657734898     
          16          47  0.95857965457451633     
          18          48  0.95389710663800675     
          18          49  0.95716535064706831     
          20          50  0.95328205895172224     
          20          51  0.95116964968594631     
          21          52  0.91487340600835809     
          25          53  0.96404013967144253     
          26          54  0.96077815003897438     
          28          55  0.96222009274180553     
          29          56  0.96502765818987901     
          32          57  0.97902065269426952     
          32          58  0.96934175323898553     
          32          59  0.95656869219097485     
