           1           2   1.1782079962811434     
           2           3   1.1828603466168290     
           3           5   1.0315224038597635     
           5           6  0.97563062795784750     
           6           7   1.3987070625867557     
           7           8   1.4460396286892507     
           6           9  0.10807316119752372     
           8           9   1.4354559390382280     
           7          10  0.11438588908865117     
           9          10   1.4357465753900245     
           6          11   1.4151107802369125     
           8          11  0.10751597358303780     
          10          11   1.4397587202089306     
           4          12  0.94809099863700141     
          12          13  0.14009440742260137     
           3          14   1.1049927841302423     
          12          14   1.0864413618976736     
          13          14   1.5887216903981729     
           4          15   1.0004862943924546     
           1          17   1.6736511458006711     
           2          17  0.13096697059485238     
          16          18   1.0036387321942339     
          18          19  0.98873845334671295     
          19          20  0.99004838487513280     
           1          21  0.94059000391490810     
          20          21  0.98923459279295312     
          16          22  0.97887632053111961     
          21          22  0.99212002609856709     
          22          23  0.90237176310277101     
          23          24  0.72164146096736914     
          24          25   1.4087102926502335     
          25          26   1.4454738361132013     
          26          27   1.4011424093013924     
          25          28  0.10718674566990578     
          27          28   1.3992435942348025     
          24          29   1.4041592264706089     
          26          29  0.10375618054468846     
          28          29   1.4432247251763228     
          23          30   1.5661279920258695     
          23          31   1.5380365720033693     
          27          32   1.0285686638492360     
           2          33  0.88856835775396836     
           4          34  0.96731064943265210     
           4          35  0.96508036507110084     
           5          36  0.93650864527045419     
           5          37  0.94575726414298922     
           7          38  0.96495968060821580     
           8          39  0.96762610498786816     
           9          40  0.97190026118504247     
          10          41  0.96624347081637674     
          11          42  0.96443978202786207     
          15          43  0.98547380625302128     
          15          44  0.97374070170439198     
          15          45  0.98099571580777201     
          16          46  0.96921259892118194     
          16          47  0.96223363859840005     
          18          48  0.97049711957397089     
          18          49  0.95954769216034674     
          20          50  0.97110164357831597     
          20          51  0.96328878385973238     
          21          52  0.92959377258029630     
          25          53  0.96814628031659866     
          26          54  0.96176813937019789     
          28          55  0.95013038856332088     
          29          56  0.96169355017309111     
          32          57  0.97663913604651720     
          32          58  0.96715101334712195     
          32          59  0.95130878161052013     
          60          61  0.95158784027326648     
          60          62   1.0359361130713283     
          62          63  0.94927043642784159     
          62          64  0.94502969612428833     
          64          65  0.96239232105529493     
          64          66  0.95542132031584570     
          64          67   1.0149118037275799     
          67          68   1.4011723846623059     
          68          69  0.96609682773295169     
          68          70   1.4521951212785145     
          70          71  0.97040451774331427     
          67          72  0.10772662391789321     
          70          72   1.4285882192136219     
          72          73  0.97192087198821797     
          68          74  0.11031468399768581     
          72          74   1.4401243532380854     
          74          75  0.97207019719090137     
          67          76   1.4143903047660804     
          70          76  0.11074887372070832     
          74          76   1.4371504259614833     
          76          77  0.96639496315582041     
          62          78  0.92516929545100979     
          78          79   1.6092838037786421     
          78          80   1.3077169125848878     
          79          80  0.18627895732694216     
          80          81  0.91399121167796482     
          80          82  0.98678690065253316     
          82          83  0.94279226285637763     
          82          84  0.94475719222985510     
          84          85  0.97194354680515394     
          84          86  0.93980321487650587     
          84          87  0.93406576323072610     
          87          88   1.4777910096438298     
          87          89   1.4995617251389672     
          88          89  0.21478665009356138     
          82          90  0.99376623766233985     
          90          91   1.8896792093804451     
          92          93  0.95019616172343424     
          92          94   1.0187984852828114     
          94          95  0.93185873241106731     
          94          96  0.97867196318088678     
          96          97  0.96985166537124412     
          96          98  0.97255170588705619     
          96          99   1.0091120969526470     
          99         100  0.95007044970091892     
          99         101  0.95421412660675209     
          99         102  0.97890349939485410     
         102         103   1.6166446781802022     
         102         104   1.3121181948150167     
         103         104  0.19285987657803416     
         104         105  0.91741280647744883     
         104         106  0.91824384836144035     
          94         107  0.94693509119606589     
         107         108   1.6106687690842219     
         107         109   1.2920856307242963     
         108         109  0.18981478986624417     
         109         110  0.90832626657984183     
         109         111  0.98519093573120475     
         111         112  0.93904790482020062     
         111         113  0.97791464047842180     
         113         114  0.96930310502743744     
         113         115  0.97149991392209556     
         113         116   1.0096572848829040     
         116         117  0.97042040773580629     
         116         118  0.96010550848480536     
         116         119  0.93226854070554466     
         119         120   1.4957686397263816     
         119         121   1.4764967820977197     
         120         121  0.20950301390571111     
         111         122  0.94171145723293470     
         122         123   1.6097671917860843     
         122         124   1.3122723352087862     
         123         124  0.19642214574241984     
         124         125  0.90542286405074779     
         124         126  0.97452982307431224     
         126         127  0.93730063435764555     
         126         128  0.96114522086144127     
         128         129  0.96208688385454488     
         128         130   1.0076107480674090     
         130         131  0.98126980750666071     
         130         132  0.98337162783551313     
         130         133  0.98446696704408365     
         128         134   1.0039798917207778     
         134         135  0.98388231994388131     
         134         136  0.98603726199206876     
         134         137  0.98444165024147001     
         126         138  0.94111223611240002     
         138         139   1.6270442699430576     
         138         140   1.3093745022634045     
         139         140  0.19696222452504925     
         140         141  0.91685558728281358     
         140         142  0.97398102104142270     
         142         143  0.93588590441843889     
         142         144  0.94478543757670064     
         144         145  0.96047528263153370     
         144         146   1.0044824575946818     
         146         147  0.98446246663261028     
         146         148  0.97731205383713460     
         146         149  0.98495995545624326     
         144         150  0.99817308955987150     
         150         151  0.97344455271813712     
         150         152  0.97126797243821605     
         150         153   1.0164608304029659     
         153         154  0.98438248283645302     
         153         155  0.98632539683496268     
         153         156  0.98398632867130342     
         142         157  0.98977553496719950     
         157         158   1.8884789900976300     
         159         160  0.94263550886719538     
         159         161   1.0451128522603490     
         161         162  0.91712252633548963     
         161         163  0.94284016060688147     
         163         164  0.96081927970208636     
         163         165  0.97153598122120355     
         163         166   1.0068934854228115     
         166         167   1.4113393997554693     
         167         168  0.96683658467970546     
         167         169   1.4430593712585358     
         169         170  0.96921843688750642     
         169         171   1.3740266949571167     
         171         172   1.0671984796176917     
         172         173  0.86305963716884571     
         167         174  0.10578052529533315     
         171         174   1.3433103151656609     
         174         175  0.96851228838483927     
         166         176   1.3940649950576063     
         169         176  0.10431888628831075     
         174         176   1.4615141636087798     
         176         177  0.96382477589007443     
         161         178  0.96752169087373896     
         178         179   1.8878515428534575     
         180         181  0.91803857625030227     
         180         182   1.0255398729119161     
         182         183  0.94222124939571594     
         182         184  0.91951075124790338     
         184         185  0.96549341564870295     
         184         186  0.95808314538238926     
         184         187   1.0127582713433749     
         187         188   1.2636720613881176     
         188         189   1.5286685948783338     
         189         190  0.96419447836225691     
         188         191  0.10447975241547916     
         189         191   1.2984640173402604     
         191         192  0.92028689172275790     
         187         193   1.5603375464309688     
         189         193  0.11471566688841771     
         191         193   1.1914530549183695     
         193         194  0.95673237436612812     
         182         195  0.99550753585077900     
         195         196   1.8891431785437156     
         197         198  0.94030721919749882     
         197         199   1.0217783242394116     
         199         200  0.93310621647726422     
         199         201  0.96130477446869567     
         201         202  0.95988571593119676     
         201         203   1.0069721135566998     
         203         204  0.97868593244685709     
         203         205  0.96840300009223779     
         203         206  0.97990201813174937     
         201         207  0.99492019062097137     
         207         208  0.96986456573140134     
         207         209  0.97248767174006223     
         207         210   1.0175032107142326     
         210         211  0.98534306992231979     
         210         212  0.98404435562174830     
         210         213  0.98295102500702458     
         199         214  0.92376093486952382     
         214         215   1.6134750240946838     
         214         216   1.3157099720043228     
         215         216  0.19390656510535789     
         216         217  0.90789918784164725     
         216         218  0.97048620592318169     
         218         219  0.95780091018227520     
         218         220  0.95152801822490518     
         220         221  0.95689283200891651     
         220         222   1.0052607493065999     
         222         223  0.98360552736640394     
         222         224  0.98359523016539507     
         222         225  0.97878589945239924     
         220         226  0.99266564945819447     
         226         227  0.97074195454478140     
         226         228  0.97418071869621659     
         226         229   1.0163686059540793     
         229         230  0.98289009208308231     
         229         231  0.98232650761492613     
         229         232  0.98724728250462435     
         218         233  0.97362388545449241     
         233         234   1.8980741287186760     
          60         235  0.94185942907843856     
          90         236  0.94031525870611543     
          92         237  0.95165966500040411     
         157         238  0.93597238497466617     
         159         239  0.94209795365779847     
         178         240  0.93072016669170432     
         180         241  0.94582757621242031     
         195         242  0.93878864423819697     
         197         243  0.93952833966981764     
         233         244  0.93732155630984682     
