    0.26077839
   -0.11903310
    0.03736746
    0.07224869
   -0.07141584
    0.01765255
   -0.03505938
   -0.03186800
   -0.03649351
   -0.03612899
   -0.04327700
   -0.28204005
   -0.49371787
    0.33726269
   -0.11306213
    0.01976489
   -0.44648257
   -0.01155167
   -0.17774705
   -0.02951326
    0.02837476
   -0.30270289
    1.15177629
   -0.08848266
   -0.02160245
   -0.02827048
    0.03170764
   -0.04330212
   -0.03576032
   -0.66121359
   -0.62153364
   -0.13930699
    0.23731176
    0.06255094
    0.07732393
    0.07792132
    0.08362824
    0.04965949
    0.05688366
    0.05218122
    0.03130599
    0.03044348
    0.04936009
    0.05997743
    0.05305156
    0.04547047
    0.05874622
    0.05638352
    0.07893141
    0.07058537
    0.09940406
    0.09360847
    0.05962480
    0.07948123
    0.07592227
    0.06586094
    0.07831465
    0.07841343
    0.09586428
   -0.33900472
    0.16891978
    0.03008552
    0.07665794
   -0.06904519
    0.07169000
    0.05262730
    0.01197609
   -0.04107942
    0.05632866
   -0.03950340
    0.04664463
   -0.04104521
    0.04541404
   -0.03400698
    0.02354391
   -0.03850722
    0.01151749
    0.27638459
   -0.50615822
   -0.15955595
    0.22345618
    0.04388567
    0.08206460
   -0.07511332
    0.03882794
    0.05344892
    0.36292771
   -0.63690600
   -0.64481787
    0.21147109
   -0.35846718
   -0.33562119
    0.19010912
    0.04089911
    0.08126316
   -0.07772544
    0.06003462
    0.07381197
    0.00668120
   -0.04235223
    0.03763798
   -0.03672425
    0.04215624
   -0.03760629
    0.03104625
   -0.03812234
    0.03695648
   -0.04625249
    0.04341487
    0.21595771
   -0.36681655
   -0.34646901
    0.18063056
    0.02227379
    0.06583369
   -0.04706169
    0.03015507
    0.04848833
   -0.08950330
    0.05607328
    0.04036410
    0.36861043
   -0.65384834
   -0.64141707
    0.27062559
   -0.50999448
   -0.16749140
    0.21857650
    0.01625522
    0.06953049
   -0.01716292
    0.04330846
   -0.11219489
    0.03370646
    0.05158283
    0.04225509
   -0.12440626
    0.05276507
    0.04959221
    0.06843748
    0.27292843
   -0.50597125
   -0.15555196
    0.22198282
    0.02421273
    0.08919650
   -0.02286612
    0.06619511
   -0.12850746
    0.06974233
    0.05030379
    0.04757212
   -0.06217963
    0.02834002
    0.03896054
   -0.11667228
    0.04973442
    0.05306577
    0.04433504
    0.21037341
   -0.37121393
   -0.33442117
    0.19306238
    0.04115470
    0.08896281
   -0.07109090
    0.06482651
    0.05531460
    0.00668749
   -0.04160427
    0.05576588
   -0.06794249
    0.03976219
    0.13847263
   -0.44492288
    0.33976498
   -0.06017670
    0.04556000
   -0.04706523
    0.05845238
    0.19754804
   -0.39998387
   -0.31333317
    0.19408550
    0.04044561
    0.06793293
   -0.06907180
    0.05253088
    0.06089518
    0.03763781
   -0.32003338
    0.07958192
    0.05967314
   -0.09443522
    0.21533136
   -0.03651625
    0.05004452
    0.20689281
   -0.33642446
   -0.33941553
    0.17732975
    0.02921710
    0.06313152
   -0.02140098
    0.05660701
   -0.11942695
    0.03804764
    0.04241433
    0.06026628
   -0.06177981
    0.03164383
    0.04041782
   -0.11004946
    0.03399166
    0.03295545
    0.03975918
    0.27239009
   -0.51683933
   -0.16966970
    0.23052970
    0.02603533
    0.07561585
   -0.02060261
    0.05473778
   -0.12612227
    0.06019104
    0.04089354
    0.05572718
   -0.05859504
    0.04083302
    0.04968932
   -0.10789806
    0.02676508
    0.03859598
    0.03712618
    0.20549433
   -0.35859190
    0.21359748
    0.05890153
    0.20445869
    0.04845837
    0.19552832
    0.07141112
    0.19390222
    0.07450091
    0.21888696
    0.08189005
    0.20019343
    0.08240909
