           1           2   1.1884997026601776     
           2           3   1.2015462211103387     
           3           5   1.0415613791238576     
           5           6  0.95606725670861625     
           6           7   1.4137854170626796     
           7           8   1.4356549584814933     
           6           9  0.10925428369030395     
           8           9   1.4408090103633462     
           7          10  0.11314366096181999     
           9          10   1.4281006616941725     
           6          11   1.4138442906651307     
           8          11  0.10907366587448146     
          10          11   1.4447731145045892     
           4          12  0.93595005575030532     
          12          13  0.14746390975165438     
           3          14   1.0947995211473815     
          12          14   1.0934542092490984     
          13          14   1.6032570183200585     
           4          15   1.0011303398340203     
           1          17   1.6707563332501165     
           2          17  0.13299238164537458     
          16          18   1.0083049283735330     
          18          19  0.98300123930710370     
          19          20  0.99688640425912012     
           1          21  0.93782340645089413     
          20          21  0.98951433317887272     
          16          22  0.98688162394307288     
          21          22  0.97465896142569330     
          22          23  0.88833471621026860     
          23          24  0.73262965293751692     
          24          25   1.4057009794216984     
          25          26   1.4431452788246202     
          26          27   1.3918153074100257     
          25          28  0.10364979122663610     
          27          28   1.4022374319407751     
          24          29   1.4007783966736953     
          26          29  0.10648789681107763     
          28          29   1.4403619139342430     
          23          30   1.5321512694516601     
          23          31   1.5617656620301121     
          30          31  0.10568335060612431     
          27          32   1.0283998883954886     
           2          33  0.85813433486182900     
           4          34  0.97034810609965405     
           4          35  0.96975607834837518     
           5          36  0.95090562391058975     
           5          37  0.94496844887319897     
           7          38  0.96706303267528371     
           8          39  0.96476474372929921     
           9          40  0.96420252978020105     
          10          41  0.96683935038145352     
          11          42  0.96522742480780233     
          15          43  0.98578653053006460     
          15          44  0.97858491277427573     
          15          45  0.98120071859547753     
          16          46  0.96706548865323461     
          16          47  0.95748595045046536     
          18          48  0.97334940700843720     
          18          49  0.96707900562174398     
          20          50  0.96645927826220790     
          20          51  0.96103084877360567     
          21          52  0.94188190289467377     
          25          53  0.96455860027018625     
          26          54  0.95503260567177273     
          28          55  0.96290276678674869     
          29          56  0.96498849276989784     
          32          57  0.98052097136311378     
          32          58  0.96777323219032874     
          32          59  0.94904887429945128     
          60          61  0.94829945375795854     
          60          62   1.0271516508068386     
          62          63  0.95026248368419242     
          62          64  0.93609655932440350     
          64          65  0.96935399570562719     
          64          66  0.95800336647595641     
          64          67   1.0135192432617475     
          67          68   1.4038044620700088     
          68          69  0.96769988852758715     
          68          70   1.4467096697331647     
          70          71  0.97102381899727774     
          67          72  0.10754225711431152     
          70          72   1.4354336753252146     
          72          73  0.97182833956981385     
          68          74  0.11192380328724891     
          72          74   1.4381257346335872     
          74          75  0.97182373641619191     
          67          76   1.4111569988653272     
          70          76  0.11009285801489137     
          74          76   1.4399672120879337     
          76          77  0.96887940611264844     
          62          78  0.93919487434550097     
          78          79   1.6222007951437913     
          78          80   1.3024249945101269     
          79          80  0.18866122336181160     
          80          81  0.90258030007645729     
          80          82  0.98567227966229698     
          82          83  0.94287457923456552     
          82          84  0.94376873348281076     
          84          85  0.97276172915192460     
          84          86  0.95176500699305022     
          84          87  0.92805327981732055     
          87          88   1.4982878927210261     
          87          89   1.4898156966267000     
          88          89  0.22191327509013684     
          82          90  0.99271363703907345     
          90          91   1.8874684925993983     
          92          93  0.94822132777932411     
          92          94   1.0305759021748475     
          94          95  0.94740789298661099     
          94          96  0.93237712623984237     
          96          97  0.96627041885347753     
          96          98  0.96404028581823342     
          96          99   1.0049876695295845     
          99         100   1.4144612878155669     
         100         101  0.96737879188912901     
         100         102   1.4382551251187932     
         102         103  0.97023470678739532     
          99         104  0.10689030616519354     
         102         104   1.4379151426822216     
         104         105  0.96966780835671740     
         100         106  0.11143515256089456     
         104         106   1.4368868030331037     
         106         107  0.97176277489470220     
          99         108   1.4096979919822750     
         102         108  0.11192339935697493     
         106         108   1.4424540999463245     
         108         109  0.97073974789762707     
          94         110  0.97804103173128187     
         110         111   1.8990542305034948     
         112         113  0.95055786212202287     
         112         114   1.0293491412823819     
         114         115  0.94579968556355631     
         114         116  0.97100438023251046     
         116         117  0.96898232633516668     
         116         118  0.96891204220565652     
         116         119   1.0077562929317765     
         119         120  0.95706892208229088     
         119         121  0.96626010259838058     
         119         122  0.93679573023395346     
         122         123   1.4700604649807398     
         122         124   1.4930820274079779     
         123         124  0.20741315533311486     
         114         125  0.92686764941297628     
         125         126   1.6139235766834439     
         125         127   1.3117150183398367     
         126         127  0.19217389155271747     
         127         128  0.89963110819695191     
         127         129  0.98132251262929637     
         129         130  0.93787358017321076     
         129         131  0.95909788849472988     
         131         132  0.96355292413444316     
         131         133   1.0032129233161116     
         133         134  0.98438881521659249     
         133         135  0.98587299948187490     
         133         136  0.97964895876833369     
         131         137   1.0079819062191568     
         137         138  0.98450072533205779     
         137         139  0.98392725941355041     
         137         140  0.98295415901426009     
         129         141  0.94585441254927216     
         141         142   1.6232099246052547     
         141         143   1.3048604903637033     
         142         143  0.19263614836083728     
         143         144  0.89888989863422930     
         143         145  0.98630091585249724     
         145         146  0.93164212150046521     
         145         147  0.94304374251266321     
         147         148  0.96363497831767564     
         147         149   1.0029539548750990     
         149         150  0.97917043248479763     
         149         151  0.97601722690308967     
         149         152  0.98097163992673386     
         147         153  0.99695197148210934     
         153         154  0.97605908531995100     
         153         155  0.96241277015194115     
         153         156   1.0165330564337154     
         156         157  0.98505718242952978     
         156         158  0.98532702852632359     
         156         159  0.98570172796307243     
         145         160  0.98805387141631118     
         160         161   1.8934923790191325     
         162         163  0.94543948050683269     
         162         164   1.0341630709103424     
         164         165  0.93393917138077542     
         164         166  0.94035264588539191     
         166         167  0.96651912285115693     
         166         168  0.97226494103967620     
         166         169   1.0075421382486942     
         169         170   1.3993736735389160     
         170         171  0.96550982390714746     
         170         172   1.4591734910526226     
         172         173  0.96298412123788635     
         172         174   1.3616630573365898     
         174         175   1.0610911954717053     
         175         176  0.86195075045136393     
         170         177  0.10656021762925057     
         174         177   1.3728224691198079     
         177         178  0.96964357350218888     
         169         179   1.4116672624170166     
         172         179  0.10633032423498258     
         177         179   1.4423221920161557     
         179         180  0.96590830010637763     
         164         181  0.97521482299350237     
         181         182   1.8721479394319294     
         183         184  0.93128995560700323     
         183         185   1.0199198390599733     
         185         186  0.95506550157690961     
         185         187  0.93406462198486606     
         187         188  0.96772507872646618     
         187         189  0.95899576189137326     
         187         190   1.0111196935723694     
         190         191   1.2648787420148233     
         191         192   1.5281080958210620     
         192         193  0.96265854621424241     
         191         194  0.10558785821352859     
         192         194   1.2888495849748978     
         194         195  0.92268588156679088     
         190         196   1.5641099341965112     
         192         196  0.11532288627004147     
         194         196   1.2062009300080041     
         196         197  0.96574299411839604     
         185         198  0.98146637322749486     
         198         199   1.9058851069191134     
         200         201  0.95024215779267018     
         200         202   1.0185634870771787     
         202         203  0.93746467112703069     
         202         204  0.95457575159448171     
         204         205  0.96160657277913786     
         204         206   1.0057329275880555     
         206         207  0.98545493508845483     
         206         208  0.97932797515038827     
         206         209  0.98028930915318557     
         204         210  0.99458461258664499     
         210         211  0.97369170493321477     
         210         212  0.96675780419024260     
         210         213   1.0174715939930272     
         213         214  0.98412944459351026     
         213         215  0.98743814766557225     
         213         216  0.98810402704965972     
         202         217  0.94924403910184962     
         217         218   1.6146492718007786     
         217         219   1.3039145330135589     
         218         219  0.19364941303637198     
         219         220  0.89057454717281948     
         219         221  0.96558107186218778     
         221         222  0.95802944225333964     
         221         223  0.95674783878447167     
         223         224  0.95969801680893507     
         223         225   1.0041332412694801     
         225         226  0.97988797708002973     
         225         227  0.98061985617035941     
         225         228  0.98408748277402447     
         223         229  0.99517781550560624     
         229         230  0.97275625310958402     
         229         231  0.97549987326155740     
         229         232   1.0169425001189232     
         232         233  0.98440093306228027     
         232         234  0.98366877771178107     
         232         235  0.97692513973711059     
         221         236  0.97082822481571873     
         236         237   1.8964768997397328     
          60         238  0.93829776376514651     
          90         239  0.93967966337147724     
          92         240  0.94518736562127215     
         110         241  0.93443761403618197     
         112         242  0.94766799247395173     
         160         243  0.93364606657997218     
         162         244  0.94951910140222706     
         181         245  0.93445762252496867     
         183         246  0.93461402860037446     
         198         247  0.93597885929524738     
         200         248  0.94295245499958114     
         236         249  0.93568229694234561     
