   -0.36663190
    0.17712273
    0.03963124
    0.06331247
   -0.07523263
    0.07777625
    0.05116575
   -0.00118410
   -0.04647176
    0.02076363
   -0.07217418
    0.02180264
    0.14159030
   -0.43139831
    0.34273078
   -0.06273028
    0.05781176
   -0.03838477
    0.06019832
    0.20176194
   -0.38651714
   -0.37832474
    0.15866098
    0.03191390
    0.05654954
   -0.07472818
    0.05539512
    0.04960430
    0.01029577
   -0.04072322
    0.04347870
   -0.03814564
    0.04378659
   -0.03926749
    0.03818246
   -0.03677063
    0.03563400
   -0.04285930
    0.01532465
    0.26857747
   -0.52190326
   -0.16643019
    0.21202060
    0.04308904
    0.08809071
   -0.08063331
    0.04284871
    0.06263330
    0.35946458
   -0.60840017
   -0.61618001
    0.20565504
   -0.37134948
   -0.34705854
    0.15793982
    0.02840807
    0.09025135
    0.07475320
    0.07364653
    0.05253217
   -0.47699441
    0.33115359
    0.20061329
   -0.37612348
   -0.36547899
    0.13693887
    0.03406218
    0.08425550
   -0.06900724
    0.06718332
    0.05202756
   -0.08060794
    0.05757202
    0.06591076
   -0.02406164
    0.08354751
    0.09607245
   -0.13531651
    0.23311454
    0.23521650
   -0.26454448
    0.23806144
    0.24916867
   -0.26497670
    0.22797071
    0.23266681
    0.20270371
   -0.37988606
   -0.36578797
    0.16062920
    0.03215421
    0.03966295
   -0.06607563
    0.03249956
    0.04427675
   -0.07211814
    0.05445071
    0.04058586
   -0.08896673
    0.06012598
    0.07620176
   -0.03926854
    0.11482198
    0.11240893
   -0.15919379
    0.31151043
    0.31034117
    0.31270835
    0.25856228
   -0.54140993
   -0.07876879
   -0.01733562
    0.07973364
    0.07323404
   -0.07478755
    0.05700914
    0.06475266
   -0.07334800
    0.06122826
    0.08029798
    0.02442079
    0.05794190
    0.27639132
   -0.49873482
   -0.17227265
    0.21011172
    0.03388805
    0.09819330
   -0.06970786
    0.06860841
    0.07553091
    0.01100403
   -0.04476218
    0.03229804
   -0.03934483
    0.03180590
   -0.03880906
    0.03275104
   -0.03514666
    0.04846945
   -0.03976961
    0.05841348
    0.20421766
   -0.37723947
   -0.37124893
    0.17419123
    0.04384220
    0.05532263
   -0.07184177
    0.05379998
    0.08319641
    0.04161314
   -0.33033065
    0.07467651
    0.05314612
   -0.09990219
    0.22542454
   -0.02859871
    0.03735100
    0.20556861
   -0.38731327
   -0.38033423
    0.16476880
    0.02476316
    0.04792263
   -0.02724946
    0.04885004
   -0.10875115
    0.03980539
    0.04190863
    0.04506077
   -0.05454397
    0.03091190
    0.02026326
   -0.10473322
    0.03448622
    0.02977775
    0.04697893
    0.26872328
   -0.53264713
   -0.15359369
    0.21690582
    0.03169466
    0.08463911
   -0.01983264
    0.06657877
   -0.12837169
    0.06248149
    0.04475502
    0.05088665
   -0.06087250
    0.02332022
    0.04001904
   -0.10814962
    0.04396802
    0.04715238
    0.02496715
    0.20838818
   -0.36225927
    0.18323333
    0.04051612
    0.18939867
    0.06908861
    0.14837684
    0.04770558
    0.17456556
    0.04467098
    0.18125310
    0.07355825
    0.18219755
    0.05517675
    0.18897805
    0.06320391
