           1           2  0.94070110070545421     
           1           3   1.0370330649794490     
           3           4  0.94881147857840831     
           3           5  0.91254889243960013     
           5           6  0.95881816522360774     
           5           7  0.97099394042132370     
           5           8   1.0188569531608547     
           8           9   1.3980285145488964     
           9          10  0.96992740639228747     
           9          11   1.4543185252992723     
          11          12  0.96942297297311597     
          11          13   1.3615509245195654     
          13          14   1.0822622609875510     
          14          15  0.84177184793781845     
           9          16  0.10826835475657046     
          13          16   1.3629197923222605     
          16          17  0.96625873469354406     
           8          18   1.4077999968194299     
          11          18  0.10373298524767255     
          16          18   1.4502607369420430     
          18          19  0.96659304803783719     
           3          20  0.99605924938456736     
          20          21   1.8608366362330790     
          22          23  0.94931779873120514     
          22          24   1.0300818418096744     
          24          25  0.95351780956804533     
          24          26  0.94893518409070188     
          26          27  0.96962058138159180     
          26          28  0.95793793544173711     
          26          29   1.0148529254643135     
          29          30   1.4083149615373729     
          30          31  0.96813348191876125     
          30          32   1.4456770872033529     
          32          33  0.97090738355859263     
          29          34  0.10524837452242658     
          32          34   1.4312041154477673     
          34          35  0.97125473045787569     
          30          36  0.11172467347892975     
          34          36   1.4446666622821585     
          36          37  0.97140187301820025     
          29          38   1.4142719449117060     
          32          38  0.11381985558201713     
          36          38   1.4326137662375280     
          38          39  0.96679738427869277     
          24          40  0.94134959372180449     
          40          41   1.6199166439013899     
          40          42   1.2986332131186684     
          41          42  0.19081301525589620     
          42          43  0.90775795612669907     
          42          44  0.98563589198972590     
          44          45  0.94115815500952693     
          44          46  0.94257179351411469     
          46          47  0.97464991132440360     
          46          48  0.94881247672647961     
          46          49  0.94485949922086354     
          49          50   1.4859026261696946     
          49          51   1.4717267386275366     
          50          51  0.20982402409669623     
          44          52  0.99458879566306080     
          52          53   1.8794070714525484     
          54          55  0.95337487995648384     
          54          56   1.0299748380122311     
          56          57  0.92986294419409721     
          56          58  0.94982398604518969     
          58          59  0.96239958158881722     
          58          60  0.97259727704064591     
          58          61  0.99528454851953263     
          61          62  0.87905301419523885     
          56          63  0.98138719507859307     
          63          64   1.8796857870765391     
          65          66  0.96532614794941074     
          65          67   1.0265660608494132     
          67          68  0.93255535021895419     
          67          69  0.95703022849597075     
          69          70  0.96982891886596134     
          69          71  0.97502318969232171     
          69          72   1.0046159594371180     
          72          73  0.96970170360150687     
          72          74  0.97172909034660881     
          72          75  0.99741863514255502     
          75          76  0.96090915311781377     
          75          77  0.96429643107669416     
          75          78  0.98330712097174644     
          78          79  0.91413573891094624     
          78          80   1.2985794538236639     
          78          81  0.10338010229071082     
          80          81   1.3402044483012392     
          81          82  0.92121252809677667     
          81          83  0.86888133137383372     
          80          84   1.3042158475115948     
          81          84  0.10405928412885049     
          84          85  0.92525114178671930     
          84          86  0.88945087878782980     
          67          87  0.98094284923653419     
          87          88   1.8782874792061055     
          89          90  0.95161852697716598     
          89          91   1.0251212904715645     
          91          92  0.95395150601294187     
          91          93  0.95771771396921790     
          93          94  0.96944176801053572     
          93          95  0.97414054131135264     
          93          96   1.0026861243764953     
          96          97  0.97207849291633242     
          96          98  0.97280958980229137     
          96          99   1.0083515501306384     
          99         100  0.97527245321269362     
          99         101  0.96935127131027810     
          99         102   1.0037883503750340     
         102         103  0.96230527253304221     
         102         104  0.96766524523574038     
         102         105  0.97260728947860031     
         105         106  0.88441778008958816     
         105         107  0.88708680561026598     
         105         108  0.88351896048834311     
          91         109  0.94899984265894521     
         109         110   1.5824755372622050     
         109         111   1.3062761726270609     
         110         111  0.18308457066378014     
         111         112  0.97365202352078140     
         112         113  0.96660822958849735     
         112         114  0.96454704065798968     
         112         115   1.0023551050087816     
         115         116  0.97971091210877770     
         115         117  0.97554050179623941     
         115         118   1.0028411926497138     
         118         119  0.97522299992043560     
         118         120  0.97129452219166179     
         111         121  0.96945968810657690     
         118         121  0.97632280513511704     
         121         122  0.95272880386834913     
         121         123  0.94136623054731183     
         123         124   1.6303766729082834     
         123         125   1.2966207040468818     
         124         125  0.19409353360440706     
         125         126  0.92107675961622137     
         125         127  0.97437418375112039     
         127         128  0.93707257618308915     
         127         129  0.94502513128298116     
         129         130  0.96392978077160074     
         129         131  0.96752523788277212     
         129         132   1.0058929424241756     
         132         133   1.4162631807409056     
         133         134  0.96976942566908964     
         133         135   1.4407421845897692     
         135         136  0.97197477190698389     
         132         137  0.10916832124717224     
         135         137   1.4378001256467414     
         137         138  0.97241077823830224     
         133         139  0.11157722935796176     
         137         139   1.4380942773902334     
         139         140  0.96936499920815133     
         132         141   1.4112710173831835     
         135         141  0.11218569346378832     
         139         141   1.4433100171709370     
         141         142  0.96731154915459605     
         127         143  0.99151136267557594     
         143         144   1.8775024207653712     
         145         146  0.93478535082525238     
         145         147   1.0110829741751637     
         147         148  0.96542282990416672     
         147         149  0.93725094533671605     
         149         150  0.95418045308405919     
         149         151  0.96270580212048773     
         149         152   1.0096483030641226     
         152         153   1.2704750443586745     
         153         154   1.5233019084911483     
         154         155  0.96422297984686600     
         153         156  0.10366356109993050     
         154         156   1.2959153483966943     
         156         157  0.92075538402319113     
         152         158   1.5644886871233186     
         154         158  0.11873394001002940     
         156         158   1.2031264487338618     
         158         159  0.96299764603914639     
         147         160  0.98972274699246976     
         160         161   1.8568731265573568     
         162         163  0.94925590063484311     
         162         164   1.0230676901720610     
         164         165  0.96020453855337495     
         164         166  0.95120776221135928     
         166         167  0.96392081138921148     
         166         168   1.0068627542729160     
         168         169  0.96957256454715957     
         168         170  0.98146946459782314     
         168         171  0.98378795679113484     
         166         172  0.99753100189232102     
         172         173  0.97713641958009467     
         172         174  0.97385612107935304     
         172         175   1.0127333574071746     
         175         176  0.98699717587297486     
         175         177  0.98746787394540347     
         175         178  0.98459424519117889     
         164         179  0.94738756917183209     
         179         180   1.6071683082238504     
         179         181   1.3006455824146288     
         180         181  0.18903601591021477     
         181         182  0.90464839620257043     
         181         183  0.97402638156250410     
         183         184  0.95888039981807172     
         183         185  0.95763323248458476     
         185         186  0.95370879983089518     
         185         187   1.0041955411817227     
         187         188  0.97922435519681184     
         187         189  0.98133111844473109     
         187         190  0.98570287782014110     
         185         191  0.99253834081345804     
         191         192  0.97362265281969473     
         191         193  0.97408169872989758     
         191         194   1.0166131751621028     
         194         195  0.97774144745733405     
         194         196  0.98658322798520115     
         194         197  0.98633620008603295     
         183         198  0.96247074171508995     
         198         199   1.8921812193244338     
           1         200  0.95187182708860452     
          20         201  0.93877015824773846     
          22         202  0.94824057416370755     
          52         203  0.93632697603348380     
          54         204  0.96321225346355421     
          63         205  0.93775781649001222     
          65         206  0.95396199966590134     
          87         207  0.93795072087634701     
          89         208  0.94914696309843838     
         143         209  0.93643183517706596     
         145         210  0.95103093931666349     
         160         211  0.94039637294471556     
         162         212  0.94906655366999293     
         198         213  0.93796573836502162     
