           1           2  0.95439949545171887     
           1           3   1.0232315430686536     
           3           4  0.95305464545788765     
           3           5  0.94514266886973120     
           5           6  0.97092941568889146     
           5           7  0.96188611393236834     
           5           8   1.0129280017181599     
           8           9   1.4043325850919504     
           9          10  0.96831595054372910     
           9          11   1.4462571021970330     
          11          12  0.97105030984647178     
           8          13  0.10802264045067229     
          11          13   1.4358885305348170     
          13          14  0.97180747756124830     
           9          15  0.11183104695153896     
          13          15   1.4381835709785866     
          15          16  0.97261398016066991     
           8          17   1.4121101093161508     
          11          17  0.11044479673937879     
          15          17   1.4399844465695315     
          17          18  0.96968867539500825     
           3          19  0.94388872415467473     
          19          20   1.6160006720217963     
          19          21   1.3029207561003053     
          20          21  0.18783472641895865     
          21          22  0.90336554336656216     
          21          23  0.98470390001392705     
          23          24  0.94387787904445808     
          23          25  0.94368274215125159     
          25          26  0.97284489768937665     
          25          27  0.95306051842468165     
          25          28  0.93219761474729068     
          28          29   1.5001138736945738     
          28          30   1.4853912720877698     
          29          30  0.22094402772661140     
          23          31  0.99342709982719912     
          31          32   1.8734191578384061     
          33          34  0.95578210749616366     
          33          35   1.0281064226544383     
          35          36  0.94919456247575562     
          35          37  0.93664178247891827     
          37          38  0.96704396887421096     
          37          39  0.96497315205728962     
          37          40   1.0055726777127014     
          40          41   1.4155275171825352     
          41          42  0.96764618222252841     
          41          43   1.4382019692789509     
          43          44  0.97051006186248379     
          40          45  0.10780445767188178     
          43          45   1.4383170076099410     
          45          46  0.97295025673840330     
          41          47  0.11164599978223114     
          45          47   1.4373052139954514     
          47          48  0.97168149983065399     
          40          49   1.4104005409000437     
          43          49  0.11193817156395482     
          47          49   1.4424675920886330     
          49          50  0.97085821819773543     
          35          51  0.98232338306982359     
          51          52   1.8930400799121574     
          53          54  0.95666619298026556     
          53          55   1.0239997879437990     
          55          56  0.95007011036436717     
          55          57  0.97376451382523155     
          57          58  0.96994156066893189     
          57          59  0.96992199249473354     
          57          60   1.0088181004168657     
          60          61  0.95908453242305547     
          60          62  0.96773070791417148     
          60          63  0.94778280529445069     
          63          64   1.4713027264640062     
          63          65   1.4894618751998070     
          64          65  0.21109578620824537     
          55          66  0.93667997222424959     
          66          67   1.6096784305632654     
          66          68   1.3090553380278456     
          67          68  0.19165095494584519     
          68          69  0.90028759375022038     
          68          70  0.98189764730314177     
          70          71  0.94075322668465555     
          70          72  0.95913000101982082     
          72          73  0.96377116791254669     
          72          74   1.0032915005315630     
          74          75  0.98458056255707360     
          74          76  0.98586762097809355     
          74          77  0.98214534419297017     
          72          78   1.0080039862877708     
          78          79  0.98470234821262292     
          78          80  0.98393345618208916     
          78          81  0.98293556259722914     
          70          82  0.94653951195172681     
          82          83   1.6234810402897577     
          82          84   1.3035021913003131     
          83          84  0.19195577269792041     
          84          85  0.89885236450808204     
          84          86  0.98592409064930275     
          86          87  0.93206073452231597     
          86          88  0.94355120897550682     
          88          89  0.96381801302584247     
          88          90   1.0031002563565909     
          90          91  0.97933388212114736     
          90          92  0.98277783662885243     
          90          93  0.98093089761755725     
          88          94  0.99704393823436344     
          94          95  0.97603140842116687     
          94          96  0.96237295391470690     
          94          97   1.0165596806026138     
          97          98  0.98502332545680371     
          97          99  0.98543607099609809     
          97         100  0.98571814137423130     
          86         101  0.98766299442158834     
         101         102   1.8908415355654942     
         103         104  0.95294375450794366     
         103         105   1.0309995418180358     
         105         106  0.93705614677639226     
         105         107  0.94211159814726997     
         107         108  0.96826688413104267     
         107         109  0.97325450284749793     
         107         110   1.0073972053560278     
         110         111   1.3999098389639446     
         111         112  0.96819774416153181     
         111         113   1.4587231567093022     
         113         114  0.96587680963210509     
         113         115   1.3603498430825398     
         115         116   1.0661248836005872     
         116         117  0.85054012140142654     
         111         118  0.10703546407515227     
         115         118   1.3720113061758694     
         118         119  0.97018624219375460     
         110         120   1.4119744947619617     
         113         120  0.10591011353285847     
         118         120   1.4432889897339141     
         120         121  0.96684338164038874     
         105         122  0.98215681267806798     
         122         123   1.8644745077776128     
         124         125  0.94226684603910160     
         124         126   1.0123870082575672     
         126         127  0.96334538726181185     
         126         128  0.94419116291807026     
         128         129  0.97090410963876939     
         128         130  0.96068216625102154     
         128         131   1.0110166977652315     
         131         132   1.2644498149175667     
         132         133   1.5279844364468598     
         133         134  0.96329488565126165     
         132         135  0.10641667775232855     
         133         135   1.2875559044129021     
         135         136  0.92278351997844665     
         131         137   1.5683759761447833     
         133         137  0.11715523455175379     
         135         137   1.2068634078853187     
         137         138  0.96784901252238498     
         126         139  0.98302146726253370     
         139         140   1.8915401688758360     
         141         142  0.95744011227269421     
         141         143   1.0163631517470280     
         143         144  0.94844621949103658     
         143         145  0.95960522306068929     
         145         146  0.96285135502975250     
         145         147   1.0063907750589012     
         147         148  0.98583871550849689     
         147         149  0.98396290530764319     
         147         150  0.98068665714438208     
         145         151  0.99432643857145553     
         151         152  0.97409375694665257     
         151         153  0.97607262574985598     
         151         154   1.0171797300703207     
         154         155  0.98456409133206246     
         154         156  0.98790189265449457     
         154         157  0.98850053877834965     
         143         158  0.94960763849192154     
         158         159   1.6115579644571603     
         158         160   1.3048074830837986     
         159         160  0.19228060787562917     
         160         161  0.89218569053747310     
         160         162  0.96437149504760755     
         162         163  0.95873517458101409     
         162         164  0.95714001097697010     
         164         165  0.95996986705706300     
         164         166   1.0041055593829209     
         166         167  0.97991271486076659     
         166         168  0.98089993757285487     
         166         169  0.98424322374897089     
         164         170  0.99534132499777683     
         170         171  0.97339852298416862     
         170         172  0.97584060526975391     
         170         173   1.0167482208753178     
         173         174  0.98465808591393056     
         173         175  0.98363322225223837     
         173         176  0.97747599682324626     
         162         177  0.97056534274679762     
         177         178   1.8818426444316185     
           1         179  0.94778032433890469     
          31         180  0.93970336754501171     
          33         181  0.95316940960810781     
          51         182  0.93704877748151949     
          53         183  0.95449463173327120     
         101         184  0.93360726044686648     
         103         185  0.95727452465021901     
         122         186  0.93616853966871560     
         124         187  0.94432738262806315     
         139         188  0.93832610952896467     
         141         189  0.95197590770979879     
         177         190  0.93583777686272074     
