    0.27010044
   -0.11386409
    0.02750657
    0.07628147
   -0.07102331
    0.02410595
   -0.04122685
   -0.03174807
   -0.03815350
   -0.03563683
   -0.03455143
   -0.27608259
   -0.50754326
    0.33466102
   -0.11171296
    0.01104694
   -0.45092135
   -0.03477812
   -0.18013452
   -0.02979723
    0.03789289
   -0.30141772
    1.15490043
   -0.08787414
   -0.02484993
   -0.02530230
    0.04608531
   -0.03248523
   -0.02462888
   -0.63384306
   -0.64749654
   -0.12605637
    0.22896150
    0.05754800
    0.08656981
    0.09672139
    0.09833206
    0.06350189
    0.05594786
    0.03504922
    0.01481776
    0.00614545
    0.03950418
    0.04843347
    0.04162054
    0.05082997
    0.07892667
    0.08086104
    0.11273541
    0.07080496
    0.06414083
    0.07651408
    0.03398505
    0.04116775
    0.10825669
    0.07176878
    0.04071019
    0.08309750
    0.08695474
   -0.33298793
    0.17668282
    0.03069112
    0.07944177
   -0.07503170
    0.09181188
    0.06567001
    0.00913925
   -0.04298215
    0.05765795
   -0.03675682
    0.04799292
   -0.04110684
    0.03819618
   -0.03488667
    0.01147731
   -0.04101286
    0.01719128
    0.26734135
   -0.50818475
   -0.15636217
    0.21848944
    0.04140769
    0.09254962
   -0.07763917
    0.04485751
    0.06098860
    0.36310388
   -0.65796652
   -0.64104601
    0.21364722
   -0.36400880
   -0.36860552
    0.18514669
    0.03127381
    0.07109656
   -0.06054139
    0.04975965
    0.05785396
   -0.10076190
    0.08988624
    0.07684942
    0.28467140
   -0.54214577
   -0.30401338
    0.24771868
    0.24594801
    0.26564149
   -0.52150807
   -0.17630302
    0.21612699
    0.02680690
    0.08076359
   -0.05105103
    0.06328732
    0.04558388
   -0.08588887
    0.02828498
    0.05038023
    0.36712040
   -0.63316981
   -0.65302265
    0.27719225
   -0.51828180
   -0.17320842
    0.20244659
    0.02809097
    0.05884501
   -0.01606612
    0.05989026
   -0.11175161
    0.03957511
    0.02803528
    0.06147685
   -0.12001730
    0.06447222
    0.04536192
    0.05066113
    0.26874150
   -0.50096720
   -0.15765892
    0.21014402
    0.03137194
    0.09121143
   -0.01455539
    0.07352442
   -0.11576770
    0.03385352
    0.06379067
    0.04273569
   -0.06325175
    0.03971603
    0.03823126
   -0.11314335
    0.03990463
    0.05267827
    0.04602982
    0.21040968
   -0.37528226
   -0.32698934
    0.20385136
    0.03273663
    0.09556707
   -0.07648949
    0.07697553
    0.07158768
    0.00290956
   -0.04736442
    0.04708788
   -0.07072835
    0.02534771
    0.14224178
   -0.43453713
    0.32086992
   -0.05866482
    0.05481940
   -0.04348659
    0.07159628
    0.20223368
   -0.37289052
   -0.30310762
    0.20803968
    0.04722333
    0.07111503
   -0.07363020
    0.07449774
    0.07830417
    0.05010338
   -0.31896702
    0.08188398
    0.04774808
   -0.10694796
    0.22378710
   -0.03604933
    0.07236079
    0.20352265
   -0.35660666
   -0.32178352
    0.18858382
    0.02229465
    0.08178813
   -0.02042945
    0.06139633
   -0.12910529
    0.06029449
    0.04984726
    0.05469051
   -0.06094457
    0.02942486
    0.04180630
   -0.11479924
    0.03598898
    0.02948388
    0.04813309
    0.27819307
   -0.50284203
   -0.14611095
    0.23324623
    0.02511522
    0.08725655
   -0.02207351
    0.07507812
   -0.12417809
    0.04048524
    0.05232310
    0.05782989
   -0.06229882
    0.02873834
    0.03841405
   -0.11510879
    0.03906519
    0.05146335
    0.03145973
    0.20661361
   -0.35353222
    0.21010948
    0.05791661
    0.17993744
    0.08014788
    0.20836557
    0.07895430
    0.19364776
    0.07034414
    0.21033416
    0.07513194
