           1           2   1.1287261773001855     
           2           3   1.3023531519054450     
           3           5   1.0733782316135903     
           5           6  0.93293947306963276     
           6           7   1.4110943500650968     
           7           8   1.4202914035976311     
           6           9  0.10080904446031004     
           8           9   1.4475960066559177     
           7          10  0.11342485001124554     
           9          10   1.4212669607238804     
           6          11   1.4092845329238077     
           8          11  0.10435638578344189     
          10          11   1.4331277591846896     
           4          12  0.93076403729376778     
          12          13  0.18514217711377196     
           3          14   1.0241971365677875     
          12          14   1.1507163508558442     
          13          14   1.6526111893874720     
           4          15   1.0052981380718231     
           1          17   1.7420003476821706     
           2          17  0.10837597955598259     
          16          18   1.0022324151639623     
          18          19  0.99138855186518970     
          19          20  0.99588208703811121     
           1          21  0.93594911619294097     
          20          21  0.99187915362511314     
          16          22  0.97991836278568278     
          21          22  0.98303760891914105     
          22          23  0.89159877213463923     
          23          24  0.73492272011163373     
          24          25   1.4062916016370941     
          25          26   1.4391681060608186     
          26          27   1.4000453740585219     
          25          28  0.10737889361151490     
          27          28   1.3982376159361460     
          24          29   1.4061577791229958     
          26          29  0.10342673641651433     
          28          29   1.4430086261210502     
          23          30   1.5378692930614397     
          23          31   1.5671603835108525     
          30          31  0.10184631086032146     
          27          32   1.0334660711755768     
           2          33  0.85500108630090099     
           4          34  0.96447425960863065     
           4          35  0.95458030016372031     
           5          36  0.94452628747448331     
           5          37  0.90770392570661140     
           7          38  0.96764839965026450     
           8          39  0.96718790745965189     
           9          40  0.96679516548666544     
          10          41  0.96590300704254695     
          11          42  0.96270191716633302     
          15          43  0.98559161277280938     
          15          44  0.98062912814383574     
          15          45  0.98704148773227030     
          16          46  0.96254111785094554     
          16          47  0.95452229269934619     
          18          48  0.95069810385468401     
          18          49  0.95816012492008151     
          20          50  0.93433578483335256     
          20          51  0.94658289653009586     
          21          52  0.91330211239464709     
          25          53  0.96246367107317177     
          26          54  0.96298854349261909     
          28          55  0.96514568690960634     
          29          56  0.96596955224271586     
          32          57  0.96073996026460728     
          32          58  0.98235330344474281     
          32          59  0.96002579925937004     
