           1           2   1.1804720103827651     
           2           3   1.1904352510672815     
           3           5   1.0286462075710781     
           5           6  0.95815417569373407     
           6           7   1.3928198156119826     
           7           8   1.4577201636255575     
           6           9  0.10640877922993069     
           8           9   1.4191285732938757     
           7          10  0.11046283132984341     
           9          10   1.4511052219236484     
           6          11   1.4233721467404952     
           8          11  0.11069647802916462     
          10          11   1.4232300525031836     
           4          12  0.92914563412389695     
          12          13  0.15451478396036261     
           3          14   1.0866875465207886     
          12          14   1.1022199148928313     
          13          14   1.6051107219177234     
           4          15   1.0115689823578757     
           1          17   1.6626828215908027     
           2          17  0.13402845140978847     
          16          18   1.0033864929792176     
          18          19  0.98987804367825749     
          19          20  0.99050430806603862     
           1          21  0.93243004352536607     
          20          21  0.99023392113740472     
          16          22  0.97799404892659525     
          21          22  0.98589079287663473     
          22          23  0.86889503170866200     
          23          24  0.72311395765302577     
          24          25   1.4066441162357521     
          25          26   1.4393095855837068     
          26          27   1.4009161130247678     
          25          28  0.10222011639851807     
          27          28   1.3922090108081739     
          24          29   1.3933954347897011     
          26          29  0.10380556763454646     
          28          29   1.4510375709785364     
          23          30   1.5330333382200050     
          23          31   1.5686527388061737     
          27          32   1.0271229211260811     
           2          33  0.88952073489830596     
           4          34  0.96429690364322895     
           4          35  0.97108475429521901     
           5          36  0.95897157915765319     
           5          37  0.94786738864025077     
           7          38  0.96301564555550379     
           8          39  0.96849972480421731     
           9          40  0.96746737892127688     
          10          41  0.96888778124607178     
          11          42  0.96854373198448385     
          15          43  0.98583492426306463     
          15          44  0.98061535282544410     
          15          45  0.98016664780530693     
          16          46  0.97093815685896057     
          16          47  0.96366972742393020     
          18          48  0.95586462058672783     
          18          49  0.96438169280051433     
          20          50  0.96225474462633720     
          20          51  0.95818051690350536     
          21          52  0.91861040275880490     
          25          53  0.96337361248808528     
          26          54  0.95860993215135881     
          28          55  0.96154170931361338     
          29          56  0.96477285732895457     
          32          57  0.95292470560089693     
          32          58  0.97465480136516713     
          32          59  0.97504125226624261     
          60          61  0.94910244312743619     
          60          62   1.0302036117360134     
          62          63  0.93876102634039560     
          62          64  0.92409585308974618     
          64          65  0.96507899463445956     
          64          66  0.96113119004171033     
          64          67   1.0123874452253310     
          67          68   1.4213566162235938     
          68          69  0.96765170179357285     
          68          70   1.4284411427050183     
          70          71  0.97113619496299608     
          67          72  0.10474444400378422     
          70          72   1.4501733942963300     
          72          73  0.97208518389643328     
          68          74  0.10959155993217493     
          72          74   1.4198459390559024     
          74          75  0.97025726276493196     
          67          76   1.3924237636232297     
          70          76  0.11133116759592580     
          74          76   1.4593909668231753     
          76          77  0.96771888172783549     
          62          78  0.98278308497488631     
          78          79   1.8947755406005542     
          80          81  0.95105828706048845     
          80          82   1.0251603745150313     
          82          83  0.93755750346204025     
          82          84  0.93845989951052255     
          84          85  0.96816222971152222     
          84          86  0.96460256948749523     
          84          87   1.0060764574718715     
          87          88   1.4079828049151968     
          88          89  0.96884150116907419     
          88          90   1.4484326346248106     
          90          91  0.97009770170766862     
          87          92  0.10847655361388595     
          90          92   1.4309829320492633     
          92          93  0.97018422126581150     
          88          94  0.11082738448153012     
          92          94   1.4412534095131078     
          94          95  0.95516844967064551     
          87          96   1.4153419111782723     
          90          96  0.11147206523706268     
          94          96   1.4386355903270285     
          96          97  0.96837869571061652     
          82          98  0.97950164440710019     
          98          99   1.8922024752888293     
         100         101  0.94891586844974052     
         100         102   1.0311123645693427     
         102         103  0.93281546684176742     
         102         104  0.94344794278423671     
         104         105  0.96466231429592586     
         104         106  0.96718372056347635     
         104         107   1.0073138180683057     
         107         108   1.3849564977668649     
         108         109  0.96742862138252439     
         108         110   1.4720660227123408     
         110         111  0.96606916499009532     
         110         112   1.3472850940436234     
         112         113   1.0741545094582781     
         113         114  0.84602665101697061     
         108         115  0.10573314735528772     
         112         115   1.3772087012204901     
         115         116  0.96631635110134340     
         107         117   1.4203643950918596     
         110         117  0.10348911862549698     
         115         117   1.4391821541664487     
         117         118  0.96645003349028602     
         102         119  0.97349329778078775     
         119         120   1.8839328291801265     
         121         122  0.94286278783989719     
         121         123   1.0147865865035397     
         123         124  0.96045091788689652     
         123         125  0.94520854664854004     
         125         126  0.95114345956057456     
         125         127  0.96398718515651183     
         125         128   1.0100962245647471     
         128         129   1.2652457168348252     
         129         130   1.5196637511690609     
         130         131  0.96269189021199297     
         129         132  0.10291020103160958     
         130         132   1.2891640132168602     
         132         133  0.92957846480044870     
         128         134   1.5522546981717291     
         130         134  0.11580642157862137     
         132         134   1.2049647429089616     
         134         135  0.96273173040210980     
         123         136  0.96867298722251427     
         136         137   1.8987004817363822     
         138         139  0.93466913708150756     
         138         140   1.0235370262941652     
         140         141  0.95315038023110432     
         140         142  0.93486507898899107     
         142         143  0.96091797927314049     
         142         144   1.0088833792090610     
         144         145  0.97935381103473318     
         144         146  0.97898430419588534     
         144         147  0.98024073850719595     
         142         148  0.99039334722169747     
         148         149  0.97342150505326597     
         148         150  0.97246090105386895     
         148         151   1.0170886116553710     
         151         152  0.98517084656078213     
         151         153  0.98658824535484180     
         151         154  0.98514107582170041     
         140         155  0.94057260447722102     
         155         156   1.6033427716763722     
         155         157   1.3238717652264744     
         156         157  0.19559661967394118     
         157         158  0.89415660930949659     
         157         159  0.97416731636174370     
         159         160  0.95444142605025117     
         159         161  0.94197649938250805     
         161         162  0.95551520875265306     
         161         163  0.99972116344144368     
         163         164  0.97793800687809540     
         163         165  0.98808684386750811     
         163         166  0.98750174182001815     
         161         167  0.99405398034645631     
         167         168  0.97442488633591218     
         167         169  0.97858175334615216     
         167         170   1.0118956000285837     
         170         171  0.98424822603354933     
         170         172  0.98210577611241190     
         170         173  0.98614590564342541     
         159         174  0.98101698879846788     
         174         175   1.8976859428432431     
          60         176  0.94323189901339988     
          78         177  0.93444948946006268     
          80         178  0.94446430924040703     
          98         179  0.93331687475971159     
         100         180  0.94930963277692948     
         119         181  0.93373834343274253     
         121         182  0.93986881874000894     
         136         183  0.93796799157902988     
         138         184  0.94067400335822582     
         174         185  0.93824049680120480     
