           1           2   1.1197225013683443     
           2           3   1.3149582757338212     
           3           5   1.0583794072362300     
           5           6  0.92531302263727599     
           6           7   1.4145342429281946     
           7           8   1.4229196317959558     
           8           9   1.4350303924279122     
           7          10  0.10703615125234969     
           9          10   1.4250501244935523     
           6          11   1.3806061821426507     
           8          11  0.10678347481589999     
          10          11   1.4427459131766942     
           4          12  0.92500641492666746     
          12          13  0.18870986018612060     
           3          14   1.0252227262823088     
          12          14   1.1388054177354454     
          13          14   1.6744054279354095     
           4          15   1.0141474499197296     
           1          17   1.7510570873545543     
           2          17  0.10172450581467878     
          16          18  0.99969105562532556     
          18          19  0.99132014868848861     
          19          20  0.99695853672629176     
           1          21  0.94327457644269630     
          20          21  0.98416525584731962     
          16          22  0.98361905318671217     
          21          22  0.98818145842022531     
          22          23  0.89260124756197312     
          23          24  0.73631826945500567     
          24          25   1.4014035272255829     
          25          26   1.4482648174118347     
          26          27   1.3968553850648984     
          25          28  0.10487477232160150     
          27          28   1.4026445343403924     
          24          29   1.4040371439874340     
          26          29  0.10445946861801335     
          28          29   1.4445506929978753     
          23          30   1.5474420016241526     
          23          31   1.5542702921509843     
          30          31  0.10261182599078025     
          27          32   1.0299889729243505     
           2          33  0.86411530713127493     
           4          34  0.95948372817189687     
           4          35  0.96184886696945449     
           5          36  0.93979122381215663     
           5          37  0.92986650766932544     
           7          38  0.96724547009060868     
           8          39  0.96659902855938395     
           9          40  0.96580038132291213     
          10          41  0.96614952864815506     
          11          42  0.96011382232708165     
          15          43  0.97986738703213883     
          15          44  0.98453700981680636     
          15          45  0.98412543256973295     
          16          46  0.96267801337533210     
          16          47  0.95477531124689263     
          18          48  0.95155689530528065     
          18          49  0.95768591382978618     
          20          50  0.95241597100446507     
          20          51  0.95730417841518334     
          21          52  0.91721566638850516     
          25          53  0.96284030157407241     
          26          54  0.96066519702836284     
          28          55  0.96242412050292769     
          29          56  0.96485605279508468     
          32          57  0.95873797710537145     
          32          58  0.98018845842829716     
          32          59  0.97098451325240265     
