    0.27870069
   -0.07861510
    0.09225407
    0.06711326
   -0.07688784
    0.02767435
   -0.03696645
   -0.03176443
   -0.03046296
   -0.02681138
   -0.03415923
   -0.23749138
   -0.43028408
    0.34968066
   -0.13790368
    0.00032233
   -0.41487853
   -0.05525052
    0.04034471
   -0.07386969
    0.02001537
   -0.26648297
    1.14956382
   -0.08237218
   -0.02445450
   -0.03268272
    0.03868933
   -0.04089559
   -0.04008190
   -0.64373670
   -0.63597317
   -0.13835256
    0.28236070
    0.08017868
    0.08078069
    0.14024180
    0.11977899
    0.04817998
    0.05971561
    0.05208981
    0.06846349
    0.05482042
    0.06920988
    0.07771072
    0.07399483
    0.06038823
    0.08243190
    0.12181387
    0.11278040
    0.13938792
    0.12430629
    0.11826939
    0.07850811
    0.08455864
    0.08300044
    0.06956383
    0.07944527
    0.07085680
    0.07318226
