    0.28018020
   -0.07951215
    0.09698685
    0.06171633
   -0.08247585
    0.02256769
   -0.03824604
   -0.02804646
   -0.02953072
   -0.02558741
   -0.04199298
   -0.24463992
   -0.41271737
    0.35723877
   -0.13384305
   -0.00035115
   -0.39351450
   -0.05547669
    0.02164144
   -0.07547316
    0.02057908
   -0.25621792
    1.14390066
   -0.08215585
   -0.03339617
   -0.03680916
    0.03988534
   -0.03756467
   -0.03003292
   -0.66088316
   -0.64129855
   -0.14169842
    0.28321844
    0.07502130
    0.09281308
    0.12518938
    0.15620403
    0.05446777
    0.04370370
    0.06190581
    0.05952121
    0.06648384
    0.06596681
    0.07171229
    0.06489388
    0.05523535
    0.07643700
    0.12280196
    0.11278228
    0.13832901
    0.12838439
    0.12904915
    0.07268689
    0.08616543
    0.08188760
    0.06363201
    0.08113385
    0.07597429
    0.07116711
