    0.27652563
   -0.07314166
    0.09828074
    0.05904781
   -0.08177456
    0.03160646
   -0.03290085
   -0.02676142
   -0.02845674
   -0.03250530
   -0.04233041
   -0.23946055
   -0.42009122
    0.35520257
   -0.13218823
   -0.00173792
   -0.39899291
   -0.05269902
    0.02466009
   -0.06663104
    0.02362387
   -0.26565849
    1.14630361
   -0.08430118
   -0.03080051
   -0.03821268
    0.03615843
   -0.03998305
   -0.03739232
   -0.65457298
   -0.64340300
   -0.14473007
    0.27496539
    0.08334785
    0.09398530
    0.12158844
    0.12976721
    0.06048104
    0.05239742
    0.05812700
    0.06322318
    0.06305587
    0.06131381
    0.06606269
    0.07113419
    0.06633039
    0.08032691
    0.12131010
    0.12774953
    0.12159753
    0.12061101
    0.10918013
    0.08334182
    0.08523834
    0.07338125
    0.07321937
    0.08120855
    0.08327841
    0.09109419
