           1           2  0.95513261234771751     
           1           3   1.0276837798108533     
           3           4  0.94908201642304180     
           3           5  0.95442034016294097     
           5           6  0.97035135988596188     
           5           7  0.96027446146600270     
           5           8   1.0117101271751603     
           8           9   1.4153328925230542     
           9          10  0.96814242051909505     
           9          11   1.4391088488119217     
          11          12  0.97127992338090641     
           8          13  0.10792344301811971     
          11          13   1.4377396577360295     
          13          14  0.97192440796199875     
           9          15  0.10884750979292847     
          13          15   1.4353282170279180     
          15          16  0.97200159026076050     
           8          17   1.4043809160526872     
          11          17  0.11330902836248172     
          15          17   1.4465281054665871     
          17          18  0.96646175802770351     
           3          19  0.94151143701575568     
          19          20   1.6188169865793836     
          19          21   1.2952462292851703     
          20          21  0.18560759424590736     
          21          22  0.90680865125548071     
          21          23  0.99164435809715190     
          23          24  0.93613502345939237     
          23          25  0.94687536798483274     
          25          26  0.95764138562973222     
          25          27  0.95265409867482953     
          25          28  0.94169652431541762     
          28          29   1.4952541730572220     
          28          30   1.4761565838398383     
          29          30  0.21369663664931451     
          23          31  0.99419868320967952     
          31          32   1.8732848279431182     
          33          34  0.95371410294566172     
          33          35   1.0246419333758856     
          35          36  0.95199779897567671     
          35          37  0.97314388611305858     
          37          38  0.97565610082687126     
          37          39  0.97573984746386810     
          37          40   1.0032203777648023     
          40          41  0.96146416766098675     
          40          42  0.97474934564211058     
          40          43  0.93839974774717094     
          43          44   1.4880665161387192     
          43          45   1.4821566001127542     
          44          45  0.21337706947794252     
          35          46  0.93767695445333066     
          46          47   1.6061334507386869     
          46          48   1.3184555115850360     
          47          48  0.19427838976361658     
          48          49  0.89164698400975240     
          48          50  0.98235622583533000     
          50          51  0.94364791747147425     
          50          52  0.96071580015086866     
          52          53  0.96017364772602287     
          52          54   1.0046109424223644     
          54          55  0.98652749449381949     
          54          56  0.98333451520993687     
          54          57  0.98691988441809109     
          52          58   1.0092197686978299     
          58          59  0.97486044148977724     
          58          60  0.98346795284489064     
          58          61  0.98298943462586164     
          50          62  0.94628444456395000     
          62          63   1.6194454185374589     
          62          64   1.3016915166962562     
          63          64  0.19161078970417575     
          64          65  0.91522000333661735     
          64          66  0.97721416544615625     
          66          67  0.93891708344295044     
          66          68  0.94741048085149848     
          68          69  0.95925046014565707     
          68          70   1.0021117434399123     
          70          71  0.98195191451364428     
          70          72  0.97746656770840890     
          70          73  0.97564860446229407     
          68          74  0.99720356871407689     
          74          75  0.97386124292873999     
          74          76  0.96981898561727098     
          74          77   1.0163277054788789     
          77          78  0.98442981802982943     
          77          79  0.98622800624806517     
          77          80  0.98550884238673075     
          66          81  0.98134446410727505     
          81          82   1.8883079603589148     
          83          84  0.95721199593111406     
          83          85   1.0294136458839225     
          85          86  0.92304894879262112     
          85          87  0.95201962595808953     
          87          88  0.96068980850716246     
          87          89  0.96730572389145952     
          87          90   1.0090064737178783     
          90          91   1.3965034244607282     
          91          92  0.96706378890619049     
          91          93   1.4637102468972099     
          93          94  0.97013279594272817     
          93          95   1.3625132937279660     
          95          96   1.0549042697805546     
          96          97  0.85075474976557841     
          91          98  0.10623493635375027     
          95          98   1.3789660333402878     
          98          99  0.96916767158398243     
          90         100   1.4160744204077713     
          93         100  0.10675041647900600     
          98         100   1.4367979510173152     
         100         101  0.96274959649555569     
          85         102  0.98613108824878959     
         102         103   1.8645207426900616     
         104         105  0.92360239935705568     
         104         106   1.0199664489557196     
         106         107  0.95491931430030574     
         106         108  0.93042875802184488     
         108         109  0.96961740380460881     
         108         110  0.96057607684106494     
         108         111   1.0127929730537255     
         111         112   1.2750701621592755     
         112         113   1.5199970485377883     
         113         114  0.96418874763125073     
         112         115  0.10434700567643120     
         113         115   1.2986614569374295     
         115         116  0.92115791841984540     
         111         117   1.5600725625796397     
         113         117  0.12010418835781916     
         115         117   1.2027319947301598     
         117         118  0.96790406606122148     
         106         119  0.98980324588643487     
         119         120   1.8835909100937356     
         121         122  0.95176080890554549     
         121         123   1.0177057473960616     
         123         124  0.95469433178028207     
         123         125  0.95346779344045984     
         125         126  0.96199836730949650     
         125         127   1.0036989826150107     
         127         128  0.98362005816803388     
         127         129  0.98257770688795876     
         127         130  0.98070185715199210     
         125         131  0.99596218327030617     
         131         132  0.97460417477680616     
         131         133  0.97929950000567334     
         131         134   1.0127455428024770     
         134         135  0.98423964868633429     
         134         136  0.98581279076866668     
         134         137  0.98126583108713972     
         123         138  0.95040377647728613     
         138         139   1.6073825622785824     
         138         140   1.3070468661500205     
         139         140  0.19176932611426095     
         140         141  0.91067767524096288     
         140         142  0.96380245932231234     
         142         143  0.95831755052579526     
         142         144  0.95757390954331689     
         144         145  0.95555748051727263     
         144         146   1.0025904853230421     
         146         147  0.98380326733312828     
         146         148  0.98557744339117259     
         146         149  0.97768349625335116     
         144         150  0.99653605079659902     
         150         151  0.97108779018519964     
         150         152  0.97607312142623148     
         150         153   1.0163424967096932     
         153         154  0.98117867724781005     
         153         155  0.98313733722532015     
         153         156  0.98580636178643033     
         142         157  0.97141949323624821     
         157         158   1.8849972228870422     
           1         159  0.95349302001107461     
          31         160  0.93943530947434106     
          33         161  0.95156294478538239     
          81         162  0.93612538945369872     
          83         163  0.95466932552179273     
         102         164  0.93663187259683345     
         104         165  0.96065670789680147     
         119         166  0.93945747800259927     
         121         167  0.95203849474363078     
         157         168  0.93633721764167355     
