    0.26341780
   -0.11545387
    0.03098728
    0.07350194
   -0.06520999
    0.01900248
   -0.03826956
   -0.03304738
   -0.01853661
   -0.02990549
   -0.03445070
   -0.30080759
   -0.46055214
    0.33205646
   -0.13977084
    0.00940844
   -0.48598145
   -0.04631437
   -0.07779995
   -0.04899517
    0.02885983
   -0.28384736
    1.16498488
   -0.09884596
   -0.02709677
   -0.02693950
    0.04011184
   -0.03230397
   -0.03008863
   -0.67522679
   -0.66893739
   -0.13010146
    0.26965423
    0.06961857
    0.07230263
    0.08033191
    0.06644936
    0.05748908
    0.04670036
    0.00899052
    0.02727102
    0.02142747
    0.07650697
    0.08226912
    0.06077378
    0.04566259
    0.05487092
    0.07650876
    0.11660308
    0.08743234
    0.08542746
    0.06070479
    0.06587332
    0.06547454
    0.07968532
    0.04891665
    0.06135413
    0.06018002
    0.09089621
   -0.32911556
    0.19924459
    0.03641660
    0.09071847
   -0.07720208
    0.07741336
    0.05488233
   -0.00066595
   -0.04393170
    0.01915904
   -0.06824055
    0.02661846
    0.14061874
   -0.45091563
    0.35483712
   -0.06575519
    0.06979925
   -0.04439651
    0.05781192
    0.20569379
   -0.38746338
   -0.34976768
    0.17029738
    0.03361654
    0.07733038
   -0.07598325
    0.06733777
    0.06176686
    0.01096487
   -0.04583725
    0.04780244
   -0.04153374
    0.03979810
   -0.04057101
    0.03016126
   -0.04038370
    0.02840384
   -0.04223542
    0.03246694
    0.27376219
   -0.51072408
   -0.16779207
    0.20888454
    0.03835766
    0.10480909
   -0.08108574
    0.03394723
    0.06227086
    0.35913474
   -0.62072362
   -0.58734460
    0.21081502
   -0.36898964
   -0.34173598
    0.19811572
    0.03241466
    0.08599289
   -0.07446866
    0.08379161
    0.07068818
   -0.08079799
    0.05521838
    0.06647452
   -0.02697581
    0.08200236
    0.10466983
   -0.13876193
    0.23920258
    0.23147243
   -0.27708891
    0.23775239
    0.23686411
   -0.25450887
    0.25346748
    0.22822767
    0.19537634
   -0.36498272
   -0.30665242
    0.16883144
    0.04150766
    0.06225397
   -0.07820294
    0.07111046
    0.06506783
   -0.07418468
    0.04788449
    0.04843332
   -0.08745622
    0.07547967
    0.06654199
   -0.04353445
    0.11045923
    0.11023443
   -0.15775325
    0.30901324
    0.31075426
    0.30942851
    0.20029913
   -0.34907381
   -0.30021687
    0.18973560
    0.02883428
    0.08240270
   -0.08024814
    0.05986312
    0.10334759
    0.01241710
   -0.04329825
    0.03742774
   -0.03712686
    0.02693775
   -0.03961150
    0.01244485
   -0.03839634
    0.01952943
   -0.04963268
    0.06132780
    0.26443535
   -0.51087980
   -0.16644087
    0.20389817
    0.01944191
    0.07123167
   -0.07421203
    0.07943824
    0.04581796
   -0.07021447
    0.03868711
    0.07523015
   -0.09310772
    0.08129119
    0.05375914
   -0.04382934
    0.10595302
    0.13234335
   -0.16765672
    0.30962424
    0.32378048
    0.29962910
    0.27566339
   -0.49437713
   -0.15636355
    0.21989239
    0.04374294
    0.08272743
   -0.05639554
    0.07344090
    0.03964131
    0.01208456
   -0.03260850
    0.02594588
   -0.03671374
    0.03714163
   -0.04190642
    0.04154589
   -0.03950177
    0.04898415
   -0.03819831
    0.03765642
    0.21079105
   -0.36346616
   -0.36898155
    0.17798852
    0.02821543
    0.04895501
   -0.05121370
    0.03853630
    0.04740707
   -0.08850246
    0.03632266
    0.04173577
    0.36326657
   -0.64175576
   -0.63237406
    0.26496914
   -0.52843436
   -0.15839002
    0.21857792
    0.02903840
    0.09128712
   -0.01262453
    0.05507869
   -0.10148950
    0.04354951
    0.03561798
    0.05544151
   -0.12032133
    0.04343969
    0.05269292
    0.05319494
    0.20617660
   -0.36646782
   -0.34477297
    0.17912982
    0.03567832
    0.07236003
   -0.02754748
    0.06022932
   -0.12190077
    0.04126885
    0.06255016
    0.02765088
   -0.05680448
    0.01972279
    0.04497681
   -0.10792521
    0.04156491
    0.03315271
    0.04828013
    0.20691144
   -0.38800592
    0.21415256
    0.05474632
    0.20208791
    0.07973873
    0.17994364
    0.06136075
    0.18712408
    0.06879287
    0.19518115
    0.06352337
    0.18715167
    0.07220631
    0.20697903
    0.06531305
