    0.26247439
   -0.12606847
    0.01952668
    0.09036947
   -0.06641805
    0.01865908
   -0.03860420
   -0.03654722
   -0.03483002
   -0.03927050
   -0.03832266
   -0.29470431
   -0.48197588
    0.32713070
   -0.11294421
    0.01439880
   -0.48829897
   -0.04430171
   -0.10635176
   -0.04451748
    0.03231839
   -0.29511164
    1.16177275
   -0.09805356
   -0.02299795
   -0.02279081
    0.04683200
   -0.03972541
   -0.03729906
   -0.65672667
   -0.63260624
   -0.12992318
    0.25289734
    0.05203277
    0.06733132
    0.06209916
    0.06901033
    0.03868975
    0.06633214
    0.03947959
    0.03942031
    0.03513730
    0.04802099
    0.04473905
    0.05627511
    0.02235198
    0.06437513
    0.08110926
    0.09575751
    0.09702090
    0.09149178
    0.08576139
    0.05929876
    0.07147626
    0.08390169
    0.04917951
    0.06290210
    0.08457347
    0.07267314
   -0.33284202
    0.18285064
    0.04255362
    0.07074117
   -0.08137944
    0.08055142
    0.06352970
    0.00451248
   -0.04386286
    0.03590040
   -0.06782989
    0.03469028
    0.14499475
   -0.41579313
    0.33825983
   -0.06239612
    0.05755600
   -0.04346044
    0.06091168
    0.20787676
   -0.36668822
   -0.35238249
    0.17737604
    0.03167436
    0.06028953
   -0.06589309
    0.06591704
    0.05041366
    0.00229362
   -0.04819354
    0.03577078
   -0.03704526
    0.04304329
   -0.03448977
    0.04637286
   -0.03433338
    0.04289252
   -0.04023415
    0.02506457
    0.26852229
   -0.50582131
   -0.15853852
    0.21938002
    0.04347959
    0.09542188
   -0.08918963
    0.05357777
    0.06654779
    0.35898847
   -0.60547248
   -0.61053402
    0.20123103
   -0.36667609
   -0.35045487
    0.18873866
    0.04214975
    0.08852763
   -0.07577496
    0.06869764
    0.08238672
   -0.07942249
    0.06011449
    0.05428530
   -0.02280655
    0.07950589
    0.08923789
   -0.15291076
    0.23259789
    0.23149919
   -0.26860547
    0.24088436
    0.24377515
   -0.27075799
    0.24461442
    0.25223704
    0.19946860
   -0.39617983
   -0.32310148
    0.19266401
    0.04015796
    0.08913896
   -0.07285180
    0.07544508
    0.08395089
    0.00426730
   -0.04461938
    0.03865336
   -0.03650242
    0.03272887
   -0.03953126
    0.02818494
   -0.03419423
    0.02774446
   -0.04519556
    0.04767354
    0.21065886
   -0.37212783
   -0.35200090
    0.18069809
    0.03214037
    0.05358126
   -0.04522016
    0.03573775
    0.05582135
   -0.09103209
    0.03759967
    0.03869694
    0.36321765
   -0.66075878
   -0.64944391
    0.26846381
   -0.52346692
   -0.15158927
    0.21416704
    0.02323703
    0.07259785
   -0.02378179
    0.06561400
   -0.11013963
    0.02686023
    0.06891982
    0.03287959
   -0.12176813
    0.04205254
    0.03563204
    0.07082996
    0.26934822
   -0.52210507
   -0.15487806
    0.22296102
    0.03499123
    0.07536556
   -0.01765050
    0.05692940
   -0.12899697
    0.05178021
    0.05157761
    0.06859835
   -0.05984797
    0.03774626
    0.05040410
   -0.11473587
    0.04125257
    0.05066518
    0.05379502
    0.21152912
   -0.37100325
   -0.34173798
    0.18857057
    0.04238295
    0.07593652
   -0.06801242
    0.05512919
    0.06571675
    0.00340971
   -0.04283653
    0.04147890
   -0.07330038
    0.03398713
    0.13671710
   -0.43433066
    0.34672651
   -0.05783593
    0.05536481
   -0.04449742
    0.05193933
    0.19942026
   -0.40099248
   -0.33471822
    0.19723950
    0.04928381
    0.05591471
   -0.07060942
    0.06209968
    0.07010684
    0.04624184
   -0.33801844
    0.08016397
    0.04761495
   -0.09888192
    0.21972405
   -0.04332704
    0.06587770
    0.19619009
   -0.36303473
   -0.34948418
    0.17567468
    0.01954420
    0.06803469
   -0.02219212
    0.05534825
   -0.10689550
    0.04327123
    0.04726728
    0.02891785
   -0.06044158
    0.02787276
    0.03932654
   -0.10705133
    0.03317568
    0.04014606
    0.03272496
    0.27415914
   -0.50464729
   -0.16421968
    0.23000763
    0.02784902
    0.06979719
   -0.01729183
    0.06100783
   -0.12372462
    0.04809430
    0.06286445
    0.03582953
   -0.05152977
    0.02600359
    0.04302756
   -0.10920954
    0.04955482
    0.02949592
    0.05138486
    0.19668265
   -0.36462059
    0.20397988
    0.06407505
    0.19760351
    0.07643190
    0.19236058
    0.06759089
    0.18612640
    0.04253200
    0.18760359
    0.06435620
    0.18262158
    0.06152164
    0.18702596
    0.07556703
    0.20363473
    0.08532720
