   -0.36853059
    0.16016219
    0.03841284
    0.08026900
   -0.07817766
    0.06898652
    0.04968644
    0.00195090
   -0.04847029
    0.03425827
   -0.06680272
    0.01414527
    0.13876112
   -0.46676334
    0.34174018
   -0.06539895
    0.06042327
   -0.03890751
    0.05321970
    0.20677567
   -0.39130583
   -0.37446203
    0.15851811
    0.03588665
    0.06098048
   -0.06919322
    0.06064737
    0.04320332
    0.00589879
   -0.04249078
    0.03976481
   -0.03780347
    0.05108793
   -0.03950535
    0.04187852
   -0.03757187
    0.03011320
   -0.04068280
    0.01678822
    0.26680386
   -0.53338414
   -0.15633948
    0.21140518
    0.04594910
    0.08779194
   -0.08373722
    0.04459727
    0.05987007
    0.36222072
   -0.61064211
   -0.60315135
    0.20607481
   -0.36343861
   -0.38209885
    0.16742167
    0.03410733
    0.08391301
   -0.07487355
    0.07004253
    0.05347158
   -0.08498464
    0.06596341
    0.06534248
   -0.02582847
    0.08312587
    0.09651143
   -0.14837075
    0.23541082
    0.24148602
   -0.27123810
    0.23688912
    0.23856427
   -0.27456421
    0.24824257
    0.23610684
    0.19784804
   -0.39835190
   -0.36940230
    0.16034003
    0.03574526
    0.04955964
   -0.06891322
    0.05879550
    0.07414396
    0.00879991
   -0.03678604
    0.03696486
   -0.03705856
    0.03625968
   -0.04281315
    0.02408993
   -0.03759855
    0.03175547
   -0.04296740
    0.03844681
    0.26414544
   -0.52313448
   -0.16358731
    0.21007848
    0.01870918
    0.07260135
   -0.07403739
    0.05972474
    0.05485767
   -0.06681808
    0.05835935
    0.04996513
   -0.08846198
    0.08991612
    0.07147039
   -0.03534305
    0.10053599
    0.10607863
   -0.16491120
    0.30867336
    0.30431961
    0.31353462
    0.27136702
   -0.50280226
   -0.16285634
    0.22730542
    0.03946324
    0.09800582
   -0.06039482
    0.06828495
    0.04972326
    0.00896392
   -0.04031185
    0.02879386
   -0.03490216
    0.04302056
   -0.03547866
    0.04762227
   -0.03479308
    0.04617345
   -0.03663009
    0.02880337
    0.20813734
   -0.37614895
   -0.37929897
    0.16413758
    0.03045816
    0.05032292
   -0.05008756
    0.04401050
    0.03552320
   -0.08558630
    0.03078450
    0.03926043
    0.36047397
   -0.66739977
   -0.66165423
    0.26075594
   -0.53814819
   -0.16208422
    0.21435578
    0.02722842
    0.09641202
   -0.01426738
    0.05467824
   -0.10864613
    0.05422783
    0.04239492
    0.04108497
   -0.12027710
    0.04032212
    0.06147765
    0.05124281
    0.20458358
   -0.37244754
   -0.38474732
    0.16785565
    0.03982282
    0.07881097
   -0.07091150
    0.05884411
    0.05204151
    0.00091191
   -0.04625353
    0.04379358
   -0.07730866
    0.04198240
    0.14341337
   -0.45768623
    0.37290474
   -0.05956196
    0.04285918
   -0.04015143
    0.05110258
    0.19930438
   -0.40021674
   -0.35412110
    0.18407239
    0.04627037
    0.04475314
   -0.07458539
    0.04627092
    0.06628210
    0.04881627
   -0.31816587
    0.08719848
    0.05016501
   -0.10589166
    0.22068374
   -0.03960965
    0.04355473
    0.20033584
   -0.37893331
   -0.38612350
    0.15356753
    0.02623521
    0.04855947
   -0.02681316
    0.04315407
   -0.10534998
    0.04295132
    0.03927599
    0.02381176
   -0.05722409
    0.03356613
    0.01564567
   -0.11188248
    0.03455122
    0.04357569
    0.04908480
    0.27387209
   -0.51575270
   -0.15454577
    0.21472342
    0.03089111
    0.07828383
   -0.01435703
    0.05825387
   -0.11961310
    0.04943362
    0.05292797
    0.03753674
   -0.05311481
    0.02181004
    0.03526026
   -0.11008112
    0.04879518
    0.02882408
    0.05815899
    0.20090262
   -0.35947539
    0.19265407
    0.05439209
    0.18476863
    0.08108237
    0.17819668
    0.05138097
    0.18179271
    0.06067837
    0.18076176
    0.07425712
    0.18018833
    0.06715332
    0.16781859
    0.06093177
    0.18676236
    0.07708374
