           1           2  0.96050213601770529     
           1           3   1.0325764511487254     
           3           4  0.93838088051976287     
           3           5  0.93044197170860976     
           5           6  0.96500930839663557     
           5           7  0.96855506600198882     
           5           8   1.0062780727505471     
           8           9   1.4083095278571498     
           9          10  0.96740951285343735     
           9          11   1.4470219726751801     
          11          12  0.97086073460671563     
          11          13   1.3722741892514667     
          13          14   1.0614586099023007     
          14          15  0.81076962378063400     
           9          16  0.10966049683879449     
          13          16   1.3699813122547222     
          16          17  0.96179645758642462     
           8          18   1.4091048058123967     
          11          18  0.10575088998069554     
          16          18   1.4467828549062549     
          18          19  0.96426062893718423     
           3          20  0.99445010207233986     
          20          21   1.8709775343889878     
          22          23  0.95682997884717236     
          22          24   1.0300787933964548     
          24          25  0.95582824137063427     
          24          26  0.95393245830493412     
          26          27  0.96580146427536384     
          26          28  0.96639626667036937     
          26          29   1.0085703544414946     
          29          30   1.4061217036050058     
          30          31  0.96821075390357014     
          30          32   1.4496581003910227     
          32          33  0.96986020605190104     
          29          34  0.10947816451051223     
          32          34   1.4257509584845283     
          34          35  0.96886991368796072     
          30          36  0.10879593292862780     
          34          36   1.4436823400677659     
          36          37  0.97208197332096602     
          29          38   1.4155475700854341     
          32          38  0.11198845562390351     
          36          38   1.4338774565880528     
          38          39  0.96750111060539123     
          24          40  0.93802483115218527     
          40          41   1.6069103758082726     
          40          42   1.3094456658437470     
          41          42  0.19042325789109193     
          42          43  0.91514041041859673     
          42          44  0.98314324199415926     
          44          45  0.94351510587524678     
          44          46  0.94158955070022010     
          46          47  0.97284511946928087     
          46          48  0.95681181483181832     
          46          49  0.94046958807663683     
          49          50   1.4574337817227705     
          49          51   1.4899204298758224     
          50          51  0.20823504341983159     
          44          52  0.99083551690564808     
          52          53   1.8924088373846604     
          54          55  0.95554844690696772     
          54          56   1.0284168058102039     
          56          57  0.91323528024704481     
          56          58  0.97280498966607842     
          58          59  0.96971201525234219     
          58          60  0.97074678079928056     
          58          61   1.0062533892467298     
          61          62  0.96971227520974990     
          61          63  0.97110158164874349     
          61          64  0.99779090831090922     
          64          65  0.96569720787013258     
          64          66  0.96318500607759794     
          64          67  0.98089018234613146     
          67          68  0.91020584239999880     
          67          69   1.2983586381015455     
          69          70   1.3333354505486184     
          70          71  0.91945211598234877     
          70          72  0.85912923538528485     
          69          73   1.3099499376844290     
          70          73  0.10555091541819904     
          73          74  0.91752116556322250     
          73          75  0.88857469881894247     
          56          76  0.98386523714835228     
          76          77   1.8722250239353306     
          78          79  0.95530897560322625     
          78          80   1.0163831864395056     
          80          81  0.95948331715953339     
          80          82  0.97035065856974945     
          82          83  0.96433051478871246     
          82          84  0.95675155201231399     
          82          85   1.0089782566892480     
          85          86   1.4064173390396837     
          86          87  0.96807113741547135     
          86          88   1.4463577241118839     
          88          89  0.97026135546643455     
          85          90  0.11174921321869892     
          88          90   1.4352938021749317     
          90          91  0.96691884336792566     
          86          92  0.11131183611895912     
          90          92   1.4343629335262749     
          92          93  0.97210557693737409     
          85          94   1.4122012358616276     
          88          94  0.10923697604534269     
          92          94   1.4451072830213680     
          94          95  0.96870023087435886     
          80          96  0.93735423350884739     
          96          97   1.6131989382397298     
          96          98   1.3002396673076491     
          97          98  0.19158692965307259     
          98          99  0.91832234377266775     
          98         100  0.98430257663315746     
         100         101  0.95038339694262786     
         100         102  0.96180181214483351     
         102         103  0.97159738395159434     
         102         104  0.97472037997532301     
         102         105   1.0052336147837275     
         105         106  0.97223119147866688     
         105         107  0.97361268023914849     
         105         108   1.0062679447128926     
         108         109  0.96759384080453537     
         108         110  0.97236205117411600     
         108         111   1.0059198155104188     
         111         112  0.96881750922027310     
         111         113  0.96403677380875874     
         111         114  0.96564190020481000     
         114         115  0.88535253795757307     
         114         116  0.88801361767478493     
         114         117  0.88283493597618290     
         100         118  0.94218824493361530     
         118         119   1.6277061900037728     
         118         120   1.3028804550093414     
         119         120  0.19565778270963441     
         120         121  0.90849508435995829     
         120         122  0.99034603283623013     
         122         123  0.91899044508660110     
         122         124  0.93932610471646472     
         124         125  0.96410159075599089     
         124         126  0.96143919555828661     
         124         127   1.0053105223840837     
         127         128   1.4202574217576649     
         128         129  0.96934873996994719     
         128         130   1.4298776805213245     
         130         131  0.97040364291493031     
         127         132  0.10638537660591384     
         130         132   1.4481938401800480     
         132         133  0.96964220142407243     
         128         134  0.11482172857448661     
         132         134   1.4313455041756649     
         134         135  0.96912241508347208     
         127         136   1.4094690333807749     
         130         136  0.11105065424855694     
         134         136   1.4451970059007275     
         136         137  0.96924825317660090     
         122         138   1.0044173722991396     
         138         139   1.8676729777869134     
         140         141  0.95850788505315787     
         140         142   1.0220364004547353     
         142         143  0.94334384377033964     
         142         144  0.97825213643106146     
         144         145  0.97387361501206149     
         144         146  0.97439576005048767     
         144         147   1.0068855817092965     
         147         148  0.96758602207978217     
         147         149  0.95622686452772121     
         147         150  0.94560879782345886     
         150         151   1.4866840468709337     
         150         152   1.4732123080891111     
         151         152  0.20836045728218486     
         142         153  0.94204381285013505     
         153         154   1.6056023448711700     
         153         155   1.3027548487340694     
         154         155  0.18962105406945554     
         155         156  0.90416953116494536     
         155         157  0.98968650105110612     
         157         158  0.93193012303998168     
         157         159  0.93471017973211779     
         159         160  0.96654361128392041     
         159         161   1.0036209900261961     
         161         162  0.97530014954407585     
         161         163  0.98432176154067652     
         161         164  0.97914234592904037     
         159         165   1.0089312147416618     
         165         166  0.98252276456499643     
         165         167  0.98276486821567643     
         165         168  0.98115065187684436     
         157         169  0.99112992888616347     
         169         170   1.8854670586773048     
         171         172  0.95780626098414290     
         171         173   1.0295126550263263     
         173         174  0.93209327257778529     
         173         175  0.94708568344900201     
         175         176  0.95609087642624901     
         175         177  0.97064539641678982     
         175         178   1.0116209089926114     
         178         179   1.4067829634259668     
         179         180  0.96543067246198899     
         179         181   1.4483986123132939     
         181         182  0.96634668950841429     
         181         183   1.3665563658116617     
         183         184   1.0792573881327681     
         184         185  0.83906577936477567     
         179         186  0.10624011294881880     
         183         186   1.3577592457959682     
         186         187  0.96881580412056711     
         178         188   1.4040939205912042     
         181         188  0.10667399394635604     
         186         188   1.4563869873470203     
         188         189  0.96476966756512583     
         173         190  0.97996949625347762     
         190         191   1.8718548994956330     
         192         193  0.92930734234519852     
         192         194   1.0235691419653472     
         194         195  0.96252759632271367     
         194         196  0.94228843916618810     
         196         197  0.96396378053443843     
         196         198  0.96694622693964050     
         196         199   1.0076326130283213     
         199         200   1.2736321327736164     
         200         201   1.5150030009791893     
         201         202  0.96217899023083142     
         200         203  0.10742984003296305     
         201         203   1.3059309141571733     
         203         204  0.92248479636826053     
         199         205   1.5669449715499453     
         201         205  0.12125535018103405     
         203         205   1.1854633697078238     
         205         206  0.96465766093706473     
         194         207  0.97858234753826923     
         207         208   1.8801928752610126     
         209         210  0.95417573247742671     
         209         211   1.0222635790252002     
         211         212  0.95586019899024366     
         211         213  0.95432484048441824     
         213         214  0.96379691486400954     
         213         215   1.0081265818550027     
         215         216  0.98336364922586073     
         215         217  0.98044645231273342     
         215         218  0.97885688364660184     
         213         219  0.99314576547993361     
         219         220  0.97636487708618436     
         219         221  0.97725536235061539     
         219         222   1.0162758083732812     
         222         223  0.98435220725011818     
         222         224  0.98626271623016659     
         222         225  0.98582886991302066     
         211         226  0.94378379137080015     
         226         227   1.6199707256169267     
         226         228   1.3043760877844881     
         227         228  0.19229880209919817     
         228         229  0.90984387422775104     
         228         230  0.97251605753308956     
         230         231  0.95613235275340469     
         230         232  0.94709996748005865     
         232         233  0.95934597520943077     
         232         234   1.0022367931647644     
         234         235  0.98418295818172363     
         234         236  0.98165515234026035     
         234         237  0.97863145511554672     
         232         238   1.0001220267052999     
         238         239  0.97189220818115962     
         238         240  0.97392994320576309     
         238         241   1.0140406258223698     
         241         242  0.98329848426142363     
         241         243  0.98422015739292401     
         241         244  0.98443412078477333     
         230         245  0.97792160943521145     
         245         246   1.8845529675097257     
           1         247  0.94758191449894735     
          20         248  0.93667804080072692     
          22         249  0.95099323012532633     
          52         250  0.93539669348048093     
          54         251  0.95226076958714678     
          76         252  0.93682000927228704     
          78         253  0.95126242640435976     
         138         254  0.94262476387545913     
         140         255  0.95218983611099228     
         169         256  0.93458326854985463     
         171         257  0.95267484843099892     
         190         258  0.93568803717529359     
         192         259  0.95637837282357541     
         207         260  0.93992050276121930     
         209         261  0.94811877963579438     
         245         262  0.93629261080650728     
