    0.28537532
   -0.06527171
    0.09772936
    0.06373235
   -0.07957677
    0.03660460
   -0.03455221
   -0.02981786
   -0.02685973
   -0.02674019
   -0.03462774
   -0.24356147
   -0.42442470
    0.35075449
   -0.13305653
   -0.00189769
   -0.39626591
   -0.05088982
    0.01363593
   -0.06626719
    0.02765869
   -0.25597929
    1.14757797
   -0.08789292
   -0.03217255
   -0.03605628
    0.04155422
   -0.03402579
   -0.02921983
   -0.65279117
   -0.64313492
   -0.14012954
    0.27169521
    0.08874325
    0.08364103
    0.13009643
    0.12007262
    0.05028796
    0.05919467
    0.05884281
    0.06241271
    0.07178776
    0.06521142
    0.06559456
    0.06771180
    0.06574894
    0.08356142
    0.10980055
    0.11613456
    0.12350441
    0.12271286
    0.12199900
    0.07414200
    0.09140976
    0.08138799
    0.05862710
    0.07831807
    0.06737159
    0.07057842
