    0.28672786
   -0.07285005
    0.08023340
    0.06916226
   -0.08162824
    0.03923492
   -0.04147688
   -0.02889233
   -0.02792748
   -0.02527905
   -0.03165952
   -0.24336543
   -0.43998925
    0.34841092
   -0.13547690
   -0.00735395
   -0.39230099
   -0.05360018
    0.02953879
   -0.06708954
    0.01293607
   -0.26236537
    1.14698944
   -0.08751504
   -0.03316859
   -0.04064352
    0.03943478
   -0.03980787
   -0.03034575
   -0.64554103
   -0.63552686
   -0.14027594
    0.27718950
    0.07628392
    0.08203389
    0.12980135
    0.12967525
    0.06366889
    0.06013860
    0.05742105
    0.05212897
    0.06867320
    0.07348567
    0.06874811
    0.06847075
    0.07573150
    0.08077996
    0.11553496
    0.11102508
    0.13473869
    0.12785484
    0.13082805
    0.06895879
    0.08492776
    0.08519727
    0.06166414
    0.08981272
    0.06436136
    0.07227707
