           1           2   1.1326951265104626     
           2           3   1.3072308931346230     
           3           5   1.0744197827150515     
           5           6  0.92384988290360537     
           6           7   1.4059820422360740     
           7           8   1.4314400579498718     
           6           9  0.10314338097330242     
           8           9   1.4280699525273364     
           7          10  0.10514044220669146     
           9          10   1.4358865764883975     
           6          11   1.4101388292829418     
           8          11  0.10918441449117268     
          10          11   1.4277901646262181     
           4          12  0.92780454096636800     
          12          13  0.18768210267027369     
           3          14   1.0185997654846097     
          12          14   1.1529749291025759     
          13          14   1.6595403772349346     
           4          15   1.0135986446232550     
           1          17   1.7434766166242395     
           2          17  0.11029469238358135     
          16          18  0.99923618211150556     
          18          19  0.98970029769115730     
          19          20   1.0008797476532127     
           1          21  0.93573790803617873     
          20          21  0.98351086649760422     
          16          22  0.98324010504643600     
          21          22  0.98231774475773925     
          22          23  0.88950106752973412     
          23          24  0.73111857005479608     
          24          25   1.3955184222616475     
          25          26   1.4578904836052042     
          26          27   1.3869749061724859     
          25          28  0.10478674908335722     
          27          28   1.4091124995840871     
          24          29   1.4155166475355845     
          26          29  0.10459930765907269     
          28          29   1.4338353814051579     
          23          30   1.5402957500506711     
          23          31   1.5683411437185077     
          30          31  0.10074375777054471     
          27          32   1.0303720424886074     
           2          33  0.85158852117922867     
           4          34  0.95641913581878368     
           4          35  0.95392476137118043     
           5          36  0.93693109335322222     
           5          37  0.92634002843767693     
           7          38  0.96659281937817154     
           8          39  0.96821165180199531     
           9          40  0.96591649259155088     
          10          41  0.96452534642568100     
          11          42  0.96265517472648754     
          15          43  0.97787686130308960     
          15          44  0.97841915217653508     
          15          45  0.98330835066948996     
          16          46  0.96362342808271717     
          16          47  0.95463275818399618     
          18          48  0.95393891358034300     
          18          49  0.96107447144941549     
          20          50  0.94815706145226986     
          20          51  0.95572207118233021     
          21          52  0.91732679464545142     
          25          53  0.96269243034556440     
          26          54  0.96268896984358754     
          28          55  0.96236077303024736     
          29          56  0.96360099899472140     
          32          57  0.97301605445929762     
          32          58  0.95773330876791840     
          32          59  0.97636188352400888     
