   -0.37591082
    0.15710036
    0.03036219
    0.07189743
   -0.07202880
    0.07100322
    0.04084622
    0.00635060
   -0.04300769
    0.04904951
   -0.04261947
    0.05013934
   -0.04145381
    0.03967769
   -0.03289192
    0.02684085
   -0.03414886
   -0.00057691
    0.27235404
   -0.53281579
   -0.16386231
    0.21274321
    0.03943428
    0.08828881
   -0.08316852
    0.04039061
    0.05484584
    0.36382298
   -0.65778214
   -0.65175630
    0.21244344
   -0.35819001
   -0.36468290
    0.17454919
    0.02753946
    0.07386790
   -0.05711815
    0.05673099
    0.04964055
   -0.09926910
    0.06046363
    0.07381013
    0.29175810
   -0.53431893
   -0.29240266
    0.23824349
    0.24578391
    0.26653352
   -0.52666064
   -0.18385164
    0.21412360
    0.02489676
    0.07607448
   -0.05162349
    0.04494912
    0.05366396
   -0.09436384
    0.04487617
    0.03578445
    0.36422108
   -0.66013663
   -0.66793429
    0.27263127
   -0.52357586
   -0.15630469
    0.21173779
    0.01883317
    0.08348289
   -0.01764188
    0.05951250
   -0.11843467
    0.03398453
    0.06145077
    0.04125876
   -0.12150516
    0.03710931
    0.04463483
    0.07194409
    0.26704947
   -0.52227858
   -0.16313999
    0.20719095
    0.02503422
    0.10111630
   -0.01705162
    0.06937014
   -0.12532422
    0.06306591
    0.04367476
    0.05915022
   -0.05943547
    0.04410800
    0.04150804
   -0.11509574
    0.04342404
    0.04226789
    0.04978374
    0.21011800
   -0.38064558
   -0.37468154
    0.17468467
    0.03805601
    0.07951578
   -0.06738653
    0.06393677
    0.05075359
    0.00605117
   -0.04633122
    0.04473300
   -0.08051898
    0.04170277
    0.13718647
   -0.47209625
    0.36746466
   -0.05962434
    0.04302903
   -0.04487122
    0.05924041
    0.19916066
   -0.39534183
   -0.36055294
    0.18595767
    0.04459183
    0.05771887
   -0.07136393
    0.05188012
    0.07144055
    0.04264492
   -0.32471801
    0.08134187
    0.05213707
   -0.11287921
    0.22237555
   -0.03080289
    0.03590722
    0.20993298
   -0.36811698
   -0.37733206
    0.15830062
    0.03229578
    0.05115126
   -0.02384894
    0.04887094
   -0.10486672
    0.02079585
    0.03080918
    0.05632030
   -0.05321112
    0.04433100
    0.01863448
   -0.10744168
    0.04107046
    0.03211492
    0.03223112
    0.27373976
   -0.52776458
   -0.16587754
    0.22686438
    0.02512974
    0.07296079
   -0.02056557
    0.05473615
   -0.12401162
    0.06119474
    0.06221549
    0.04592878
   -0.04798869
    0.01839361
    0.03123195
   -0.10658931
    0.02641688
    0.03323430
    0.04959168
    0.20256381
   -0.35407057
    0.19241526
    0.06301770
    0.15367588
    0.07422031
    0.18032013
    0.06493816
    0.16258542
    0.05700543
    0.17577621
    0.08079457
