           1           2  0.95743341351118283     
           1           3   1.0324768965125377     
           3           4  0.95157709877237351     
           3           5  0.95084200559535970     
           5           6  0.96333595581722631     
           5           7  0.95724705351718264     
           5           8   1.0073561210726476     
           8           9   1.4090089917594166     
           9          10  0.96499211033962284     
           9          11   1.4362156491991205     
          11          12  0.96804851107835344     
           8          13  0.10478595737158285     
          11          13   1.4424197771200657     
          13          14  0.97122559908277462     
           9          15  0.11497762237466434     
          13          15   1.4342169454016906     
          15          16  0.97226623315240268     
           8          17   1.4142504014755677     
          11          17  0.11085531894507424     
          15          17   1.4406217877749308     
          17          18  0.96567261996546561     
           3          19  0.94323063192296874     
          19          20   1.5992220949266760     
          19          21   1.2973412384750858     
          20          21  0.18626584203913796     
          21          22  0.90997395340173648     
          21          23  0.99188452303336672     
          23          24  0.94180394644127752     
          23          25  0.93797854372996659     
          25          26  0.97364722960694561     
          25          27  0.94505646368445317     
          25          28  0.93372000904564145     
          28          29   1.4900229869943558     
          28          30   1.4860108832256278     
          29          30  0.21529486309300472     
          23          31   1.0030550766921591     
          31          32   1.8678048645091694     
          33          34  0.95756549757465981     
          33          35   1.0145236114773890     
          35          36  0.93624669196541332     
          35          37  0.98380035980205638     
          37          38  0.97177018148771221     
          37          39  0.97572500425668940     
          37          40  0.98981969224029442     
          40          41  0.96060578303394850     
          40          42  0.96795443519923896     
          40          43  0.97906707676616234     
          43          44   1.6079077129150159     
          43          45   1.3243351142404016     
          44          45  0.19091675873979275     
          45          46  0.92021940468130625     
          45          47  0.90056268395790451     
          35          48  0.94989600607269398     
          48          49   1.6100562072662470     
          48          50   1.2846034139058391     
          49          50  0.18278489428751621     
          50          51  0.91888886493331967     
          50          52  0.97804326557731991     
          52          53  0.93879465409115426     
          52          54  0.98057742992980290     
          54          55  0.97009543856836167     
          54          56  0.97310809814214294     
          54          57   1.0061061719455835     
          57          58  0.96439823904609423     
          57          59  0.96942973339255478     
          57          60  0.93472989258102535     
          60          61   1.4867996759388029     
          60          62   1.4883887175328936     
          61          62  0.21438589015946719     
          52          63  0.94361499684471950     
          63          64   1.6053378914829308     
          63          65   1.3254530766364014     
          64          65  0.19879623909980412     
          65          66  0.90630536220512192     
          65          67  0.98239588562785007     
          67          68  0.94229727331968671     
          67          69  0.95094092881698511     
          69          70  0.96114509005524718     
          69          71   1.0055993837431758     
          71          72  0.98370083812621845     
          71          73  0.98340044813032057     
          71          74  0.98601542304750078     
          69          75   1.0100083791254810     
          75          76  0.98462465188612169     
          75          77  0.98302250030568705     
          75          78  0.98550591477977434     
          67          79  0.95628605192746730     
          79          80   1.6108337441986382     
          79          81   1.3136423706345215     
          80          81  0.19364301045021629     
          81          82  0.91461523936283351     
          81          83  0.97034223327958713     
          83          84  0.94426418821837588     
          83          85  0.95473256009087826     
          85          86  0.96077403770490544     
          85          87   1.0054703975122161     
          87          88  0.97940193278345256     
          87          89  0.98058533070300080     
          87          90  0.97798641603848524     
          85          91  0.99970224565362276     
          91          92  0.97672589131541909     
          91          93  0.97469566349546199     
          91          94   1.0139621916375985     
          94          95  0.99002650096116407     
          94          96  0.98843960528445285     
          94          97  0.98487777155927081     
          83          98  0.94469410257168740     
          98          99   1.6225859679312005     
          98         100   1.2998019233477336     
          99         100  0.18868078772678878     
         100         101  0.90086702824241738     
         100         102  0.97286465874430750     
         102         103  0.94150753043476021     
         102         104  0.95794007810232129     
         104         105  0.97250215676029006     
         104         106  0.96224704453730403     
         104         107   1.0031476300812583     
         107         108  0.97265955534588100     
         107         109  0.97314184608314713     
         107         110   1.0084148763569565     
         110         111  0.95819544643105869     
         110         112  0.96118316527256298     
         110         113  0.98440267857729591     
         113         114  0.91051803477206972     
         113         115   1.3154188047719590     
         113         116  0.10118835087284192     
         115         116   1.3243391133581910     
         116         117  0.91216023083398756     
         116         118  0.90461987143564782     
         113         119  0.10046460055439885     
         115         119   1.3072250108239136     
         116         119  0.10169508118592525     
         119         120  0.91779262140709206     
         119         121  0.91142581633022013     
         102         122  0.98474647645835700     
         122         123   1.8892965705793701     
         124         125  0.95301597955356854     
         124         126   1.0364826175343582     
         126         127  0.92533012713394447     
         126         128  0.95469754103895710     
         128         129  0.96139360669794216     
         128         130  0.97027865657362400     
         128         131   1.0056425142157523     
         131         132   1.4103349248824442     
         132         133  0.96808844222604973     
         132         134   1.4512759574117151     
         134         135  0.97014707383407628     
         134         136   1.3609632371747205     
         136         137   1.0638321395548447     
         137         138  0.86368653513479798     
         132         139  0.10276788633050288     
         136         139   1.3671243688297936     
         139         140  0.96858599018621894     
         131         141   1.3999385428739324     
         134         141  0.10910425872264302     
         139         141   1.4512569444705914     
         141         142  0.96583037670677685     
         126         143  0.98074316039464804     
         143         144   1.8746821535162621     
         145         146  0.92639558500747521     
         145         147   1.0132124878485753     
         147         148  0.95915050313721983     
         147         149  0.93277260910855830     
         149         150  0.96750430409913779     
         149         151  0.95846229442480069     
         149         152   1.0162234560370156     
         152         153   1.2579890100419484     
         153         154   1.5292877856112770     
         154         155  0.96410221646910621     
         153         156  0.10716613147101436     
         154         156   1.2884928797741311     
         156         157  0.91974266429829021     
         152         158   1.5659448676588297     
         154         158  0.11408690489853185     
         156         158   1.2059463878189993     
         158         159  0.96819388246165194     
         147         160  0.98929755732607139     
         160         161   1.8764712814806201     
         162         163  0.94621732262232849     
         162         164   1.0234490433255898     
         164         165  0.95340957602855303     
         164         166  0.94894295886415059     
         166         167  0.96117936528228898     
         166         168   1.0083977937685542     
         168         169  0.98368452493989356     
         168         170  0.98157363387564767     
         168         171  0.98225399580338746     
         166         172  0.99654486565806299     
         172         173  0.97651671057032763     
         172         174  0.97086391772971936     
         172         175   1.0153200245409415     
         175         176  0.98885967239891825     
         175         177  0.98372452119245235     
         175         178  0.98447944532186549     
         164         179  0.95264698540291970     
         179         180   1.6016010980092852     
         179         181   1.3023234593075745     
         180         181  0.18675457377066493     
         181         182  0.89045769568093880     
         181         183  0.97275990390665734     
         183         184  0.95850547524262408     
         183         185  0.95217198783007662     
         185         186  0.95276715900479436     
         185         187   1.0073489984490567     
         187         188  0.98400732757186082     
         187         189  0.97892926811737158     
         187         190  0.98159780916209816     
         185         191  0.99691799065353826     
         191         192  0.96876180989185268     
         191         193  0.97399549988166934     
         191         194   1.0151548189995201     
         194         195  0.98714008719350721     
         194         196  0.98252535930063378     
         194         197  0.98331231668506658     
         183         198  0.96855779490029137     
         198         199   1.8776405107033327     
           1         200  0.94973693284872918     
          31         201  0.93987629773848025     
          33         202  0.96100152346541701     
         122         203  0.93655851930620859     
         124         204  0.95057714317605446     
         143         205  0.93436513396506737     
         145         206  0.95003061917282405     
         160         207  0.93864024935227264     
         162         208  0.95025594968282778     
         198         209  0.93801611955994013     
