   -0.36354151
    0.16935182
    0.04184319
    0.07860092
   -0.07376541
    0.06536001
    0.05180800
    0.00994212
   -0.04550438
    0.03902224
   -0.03957493
    0.04138442
   -0.03893367
    0.03697410
   -0.03757089
    0.03401168
   -0.04152324
    0.02166494
    0.20790264
   -0.39269825
   -0.36659108
    0.17732569
    0.03832085
    0.08454525
   -0.06799463
    0.05993620
    0.04900529
    0.00658753
   -0.04264488
    0.04598348
   -0.07664322
    0.04405325
    0.13843681
   -0.46127270
    0.37350929
   -0.06008811
    0.04664667
   -0.04074235
    0.04496722
    0.19602007
   -0.41503604
   -0.35008970
    0.15405584
    0.04492745
    0.05254938
   -0.07773699
    0.05133397
    0.06763529
    0.04715563
   -0.32153973
    0.08078409
    0.04952940
   -0.10561081
    0.21967576
   -0.03347402
    0.04451021
    0.21277221
   -0.35582963
   -0.37189338
    0.15678901
    0.02929829
    0.05058272
   -0.02998297
    0.04277629
   -0.11030273
    0.04325670
    0.03765308
    0.04437768
   -0.05096257
    0.02517629
    0.00827242
   -0.11066776
    0.04514181
    0.04778806
    0.03624561
    0.27297097
   -0.52197898
   -0.15958767
    0.22291504
    0.02986224
    0.07625044
   -0.01668776
    0.05636991
   -0.12082552
    0.03823395
    0.05063598
    0.05498166
   -0.05721785
    0.02117084
    0.03232124
   -0.10846826
    0.04417509
    0.04029570
    0.04618024
    0.20563474
   -0.37190649
    0.18411668
    0.05256466
    0.18255503
    0.04847821
    0.17427843
    0.05676195
    0.18156402
    0.07108016
