           1           2  0.95691305570319496     
           1           3   1.0237038082593759     
           3           4  0.94656231123753987     
           3           5  0.94791496208238035     
           5           6  0.96552871471196422     
           5           7  0.96048319876669774     
           5           8   1.0088654607642222     
           8           9   1.4066633601793856     
           9          10  0.96837544128189057     
           9          11   1.4400515155156499     
          11          12  0.97064231681122570     
           8          13  0.10811908159708644     
          11          13   1.4413280538846096     
          13          14  0.97093381334686124     
           9          15  0.11373780665019091     
          13          15   1.4325819336072503     
          15          16  0.96990933718376571     
           8          17   1.4148817412427250     
          11          17  0.10900726409183746     
          15          17   1.4404610887345894     
          17          18  0.96703248973795430     
           3          19  0.97174438469923241     
          19          20   1.8788829220913106     
          21          22  0.94824396868527894     
          21          23   1.0447848306672802     
          23          24  0.90224286618711735     
          23          25  0.95066807180651713     
          25          26  0.96683614004969010     
          25          27  0.96797490000416109     
          25          28   1.0093113189566167     
          28          29   1.4116612258716867     
          29          30  0.96901508122507585     
          29          31   1.4479859585106731     
          31          32  0.96707287101865891     
          31          33   1.3727997134995391     
          33          34   1.0681583028335699     
          34          35  0.84096367170306330     
          29          36  0.10808050072047817     
          33          36   1.3636777845419203     
          36          37  0.96930054543486310     
          28          38   1.4008399278257115     
          31          38  0.10421565627712948     
          36          38   1.4562684589097949     
          38          39  0.96260686944621199     
          23          40  0.98405074539265391     
          40          41   1.8474955168824805     
          42          43  0.95388491910025031     
          42          44   1.0077955934093170     
          44          45  0.96284253901722838     
          44          46  0.94384247478902972     
          46          47  0.97093775807241067     
          46          48  0.96151447128030154     
          46          49   1.0069103345879369     
          49          50   1.2748486764468443     
          50          51   1.5162613496996242     
          51          52  0.96389063415061360     
          50          53  0.10610696746634142     
          51          53   1.3005994023277145     
          53          54  0.92271950812513448     
          49          55   1.5645142496543747     
          51          55  0.12110994819603765     
          53          55   1.1967846900908707     
          55          56  0.96687867699308028     
          44          57  0.98224101507397754     
          57          58   1.8954159991073263     
          59          60  0.95644394548272960     
          59          61   1.0222674311778512     
          61          62  0.95958674806210209     
          61          63  0.94916514543732755     
          63          64  0.96339064609831071     
          63          65   1.0104173423746639     
          65          66  0.98044992948633070     
          65          67  0.98236618745746984     
          65          68  0.98220810426133776     
          63          69  0.99523731988379716     
          69          70  0.97747516682358571     
          69          71  0.97418369411091799     
          69          72   1.0142786296054738     
          72          73  0.98572880560271947     
          72          74  0.98536572455832117     
          72          75  0.98640182030092172     
          61          76  0.94448260963828590     
          76          77   1.6129741810576552     
          76          78   1.3068333549322904     
          77          78  0.19237107138819065     
          78          79  0.90347058928708224     
          78          80  0.96296206230836900     
          80          81  0.95676860666173913     
          80          82  0.95912974615923197     
          82          83  0.96534166128625731     
          82          84   1.0035948674094617     
          84          85  0.98401026240600575     
          84          86  0.98588225088638781     
          84          87  0.97816305629222056     
          82          88  0.99484086156153195     
          88          89  0.97311264475623049     
          88          90  0.97437325030089661     
          88          91   1.0142196613116605     
          91          92  0.98203265199189027     
          91          93  0.98384836209887849     
          91          94  0.98634316511305942     
          80          95  0.97426951587928123     
          95          96   1.8805118603643669     
           1          97  0.95211423068486623     
          19          98  0.93755196967483267     
          21          99  0.95058401863771569     
          40         100  0.93679618579772106     
          42         101  0.95293757963893511     
          57         102  0.93817454195373240     
          59         103  0.95241480674837797     
          95         104  0.93770861918783388     
