    0.27036997
   -0.11659856
    0.02988428
    0.07537574
   -0.07381455
    0.01730919
   -0.03436541
   -0.02862821
   -0.03660594
   -0.03594912
   -0.04153770
   -0.30074724
   -0.49605268
    0.32856753
   -0.13124212
   -0.00078937
   -0.44495704
   -0.02600334
   -0.17197683
   -0.03702573
    0.02923527
   -0.29045388
    1.16919508
   -0.09667420
   -0.02363076
   -0.03232562
    0.04305036
   -0.03860987
   -0.02928164
   -0.64278579
   -0.66096248
   -0.13678137
    0.23797221
    0.05496126
    0.06479083
    0.08984236
    0.10256099
    0.03146711
    0.02118398
    0.03641343
    0.05016330
    0.05217588
    0.06376393
    0.06350757
    0.07095036
    0.08466575
    0.07940426
    0.05228512
    0.08481430
    0.05500762
    0.07047929
    0.07548523
    0.03484957
    0.08427854
    0.09035081
    0.06183125
    0.08528164
    0.06559468
    0.07722305
   -0.33486514
    0.19244602
    0.03299043
    0.09680624
   -0.08180099
    0.07910856
    0.06184812
   -0.00110583
   -0.04606253
    0.03420596
   -0.06911304
    0.01960238
    0.13824520
   -0.42509099
    0.32939574
   -0.06614913
    0.06106911
   -0.04194363
    0.06318249
    0.20910888
   -0.38592867
   -0.33948937
    0.18064638
    0.02609022
    0.08019157
   -0.07593979
    0.07061085
    0.06040959
    0.01165161
   -0.04313793
    0.06006632
   -0.03806861
    0.04904383
   -0.04098486
    0.03505668
   -0.03381341
    0.01514718
   -0.04313208
    0.02630667
    0.26415658
   -0.51441934
   -0.16689134
    0.21154556
    0.03606726
    0.09936606
   -0.07693159
    0.03456418
    0.05970188
    0.35776097
   -0.63023979
   -0.58568353
    0.20844805
   -0.36506069
   -0.34943856
    0.19542337
    0.03994141
    0.09865944
   -0.07335464
    0.06261205
    0.07368707
   -0.07143764
    0.06992172
    0.05673173
   -0.01958529
    0.07595603
    0.08119160
   -0.15551520
    0.23204159
    0.23591764
   -0.27054220
    0.23989353
    0.26708870
   -0.27226097
    0.22560681
    0.24320771
    0.20007250
   -0.39581329
   -0.33491199
    0.18759538
    0.04406396
    0.07299867
   -0.07543643
    0.07255707
    0.07672443
    0.00914215
   -0.04414064
    0.03887303
   -0.03634862
    0.02651180
   -0.03616912
    0.01682017
   -0.03299703
    0.03622948
   -0.04331614
    0.05349380
    0.20506295
   -0.38375446
   -0.35319245
    0.18278429
    0.03089466
    0.07057475
   -0.06203563
    0.04541500
    0.04968387
   -0.10089218
    0.06518268
    0.07837254
    0.28860722
   -0.53559697
   -0.29216810
    0.23289216
    0.24810743
    0.26712782
   -0.52071812
   -0.17517413
    0.21242680
    0.02271696
    0.08299952
   -0.04372501
    0.04300574
    0.05351144
   -0.08401682
    0.03954414
    0.03350307
    0.36345096
   -0.63960584
   -0.64376329
    0.27100464
   -0.50492516
   -0.15224870
    0.21098128
    0.02925311
    0.10943260
   -0.01495503
    0.06354198
   -0.10821729
    0.04342545
    0.02638559
    0.05658156
   -0.11834212
    0.04946628
    0.06525087
    0.03408700
    0.20308526
   -0.37130577
   -0.34485257
    0.19237910
    0.03802651
    0.07808859
   -0.07514704
    0.06343757
    0.06119221
    0.01145507
   -0.04430110
    0.06663992
   -0.06190725
    0.04058600
    0.13583619
   -0.46104065
    0.34876579
   -0.07157892
    0.02776846
   -0.04047294
    0.06184287
    0.20047850
   -0.39063224
   -0.33371792
    0.18252860
    0.04909779
    0.05897931
   -0.07794309
    0.06692764
    0.08853521
    0.03784349
   -0.33367854
    0.07636491
    0.05920882
   -0.08801774
    0.22364116
   -0.03150371
    0.05106289
    0.20348842
   -0.37051205
   -0.33450649
    0.18006810
    0.03290272
    0.08464409
   -0.02217594
    0.07054010
   -0.11293966
    0.04521082
    0.04421585
    0.02764667
   -0.07198758
    0.03162997
    0.04414344
   -0.12200650
    0.04646757
    0.04110118
    0.05512114
    0.20874454
   -0.38759601
    0.21319195
    0.05870664
    0.20297236
    0.08514883
    0.19514880
    0.06852049
    0.21179971
    0.05520851
    0.17264039
    0.08576160
    0.19594075
    0.07291193
    0.19950547
    0.07085268
    0.21739057
    0.06330785
