    0.27226036
   -0.10769507
    0.04185900
    0.08424185
   -0.07068713
    0.02176769
   -0.03810100
   -0.03840993
   -0.03807340
   -0.02605697
   -0.03380983
   -0.28230714
   -0.49332388
    0.33493400
   -0.11709307
    0.01773366
   -0.44262317
   -0.01780586
   -0.20161142
   -0.03263045
    0.03172026
   -0.29216572
    1.14932575
   -0.09126581
   -0.02547217
   -0.02803296
    0.04099756
   -0.03758362
   -0.03018144
   -0.65400250
   -0.61625703
   -0.13458740
    0.23190726
    0.04877722
    0.06008522
    0.08716930
    0.08985642
    0.03543475
    0.06800077
    0.06526496
    0.03962410
    0.02782481
    0.05168683
    0.05382930
    0.07246568
    0.04035133
    0.06131086
    0.05804442
    0.07093550
    0.08478937
    0.10528157
    0.11113341
    0.05343269
    0.07308595
    0.09374017
    0.05945275
    0.08608123
    0.06089245
    0.06933003
   -0.34594022
    0.17483474
    0.03173851
    0.07651536
   -0.08263537
    0.08333644
    0.07456901
    0.00565348
   -0.04516210
    0.05781894
   -0.03967805
    0.05980753
   -0.03927954
    0.03050120
   -0.03448071
    0.01864527
   -0.03917503
    0.01590989
    0.27108845
   -0.52131348
   -0.16087942
    0.21955503
    0.03942901
    0.08452371
   -0.08303051
    0.04849342
    0.07380624
    0.35995812
   -0.64756099
   -0.64400577
    0.20836993
   -0.36676491
   -0.35409100
    0.19572238
    0.03060480
    0.08970920
   -0.05380644
    0.05533338
    0.05182192
   -0.09826068
    0.08253341
    0.07336197
    0.27920257
   -0.55254209
   -0.29987858
    0.23993199
    0.27266262
    0.26445727
   -0.51650607
   -0.18738838
    0.21012096
    0.02995983
    0.07297223
   -0.04807926
    0.04743668
    0.05325356
   -0.09441578
    0.05055578
    0.03913245
    0.36926290
   -0.64836890
   -0.64871032
    0.27386258
   -0.52525039
   -0.14889252
    0.21466810
    0.02319746
    0.07285171
   -0.01709435
    0.05312029
   -0.11450730
    0.03765138
    0.04596317
    0.04411109
   -0.11313488
    0.04935572
    0.05027009
    0.03174274
    0.26497026
   -0.50338355
   -0.15303209
    0.20626410
    0.01948221
    0.08066187
   -0.02100016
    0.06696713
   -0.12022020
    0.06412034
    0.05762994
    0.03450485
   -0.06194161
    0.04240569
    0.03290173
   -0.12179088
    0.03942635
    0.04231376
    0.05774045
    0.27449629
   -0.52240578
   -0.17028897
    0.23931314
    0.03201001
    0.09012290
   -0.08592671
    0.07729478
    0.08214375
   -0.08084168
    0.07569949
    0.06609695
   -0.02432588
    0.08751962
    0.08811019
   -0.13699043
    0.23606731
    0.23594011
   -0.26614642
    0.25421515
    0.27245734
   -0.28123093
    0.24878870
    0.26070831
    0.21537500
   -0.37351147
   -0.32726252
    0.19811509
    0.04178924
    0.09782398
   -0.07291374
    0.07093904
    0.06680144
    0.00682558
   -0.04210670
    0.05147001
   -0.05996889
    0.03139696
    0.14216327
   -0.44190315
    0.33560991
   -0.07422503
    0.04344133
   -0.04632647
    0.05641283
    0.19975411
   -0.38779592
   -0.31652198
    0.20287262
    0.03814960
    0.08090038
   -0.06563373
    0.06869631
    0.09330913
    0.04841236
   -0.30921422
    0.08010443
    0.04890247
   -0.10322993
    0.21274571
   -0.02449399
    0.03640900
    0.21083450
   -0.35002029
   -0.33250430
    0.18786379
    0.02798998
    0.06526042
   -0.02025333
    0.05142294
   -0.11177772
    0.04005276
    0.04992731
    0.02915945
   -0.06082134
    0.03677119
    0.02987629
   -0.11523820
    0.03832455
    0.04818716
    0.04689415
    0.26980160
   -0.52080060
   -0.15847399
    0.22755908
    0.02782719
    0.07964720
   -0.02470990
    0.07347294
   -0.11864192
    0.04396689
    0.05688337
    0.03793057
   -0.05431596
    0.02521213
    0.04618118
   -0.10927612
    0.03305387
    0.03381284
    0.05306367
    0.20162436
   -0.35919950
    0.20774299
    0.06520807
    0.16747711
    0.07364544
    0.21333958
    0.08311656
    0.21072464
    0.07573216
    0.20998204
    0.07890072
