           1           2   1.1592089045256471     
           2           3   1.2095351813615336     
           3           5   1.0271363772187303     
           5           6  0.95521899337029126     
           6           7   1.4229439433792130     
           7           8   1.4246225469279947     
           6           9  0.10254818883588590     
           8           9   1.4447606810638352     
           7          10  0.11082478563762099     
           9          10   1.4296549079799947     
           6          11   1.3960332807393452     
           8          11  0.11410699374219073     
          10          11   1.4467904602178832     
           4          12  0.93650820883515307     
          12          13  0.15237880837114781     
           3          14   1.0819497394033830     
          12          14   1.0900357030527388     
          13          14   1.6202009003927076     
           4          15   1.0127989949843763     
           1          17   1.6861422505040911     
           2          17  0.12695962551433240     
          16          18   1.0034274340998937     
          18          19  0.98600937195512239     
          19          20  0.99173752044449059     
           1          21  0.94552158992385116     
          20          21  0.99005406237298321     
          16          22  0.99049829692241520     
          21          22  0.98191160274281231     
          22          23  0.89259927685622842     
          23          24  0.73374178502368703     
          24          25   1.4051871148868316     
          25          26   1.4478059572261082     
          26          27   1.3981451623300438     
          25          28  0.10475101272313238     
          27          28   1.4032261796813392     
          24          29   1.4034335694263198     
          26          29  0.10526252348895897     
          28          29   1.4449818060474433     
          23          30   1.5391162842550115     
          23          31   1.5651003159831829     
          30          31  0.10560237275092690     
          27          32   1.0291587132198463     
           2          33  0.88485417209555328     
           4          34  0.96517550846040812     
           4          35  0.97092344737903280     
           5          36  0.95279424173597560     
           5          37  0.94618671430853885     
           7          38  0.96766672758594419     
           8          39  0.96667744160184133     
           9          40  0.96670910008548405     
          10          41  0.96723034261695706     
          11          42  0.96616125913292428     
          15          43  0.98292350124849603     
          15          44  0.98408544279618326     
          15          45  0.98414551386735394     
          16          46  0.96914663463907069     
          16          47  0.95995594259399908     
          18          48  0.97271035970655229     
          18          49  0.96797365748424569     
          20          50  0.96841210604110550     
          20          51  0.95972055116737276     
          21          52  0.92263016820710841     
          25          53  0.96591161425084548     
          26          54  0.96282967641945016     
          28          55  0.96055520642674930     
          29          56  0.96248665781782183     
          32          57  0.95760288479231137     
          32          58  0.98114982454757593     
          32          59  0.97119408824934150     
          60          61  0.95226288557816785     
          60          62   1.0359841948338424     
          62          63  0.94939048166262352     
          62          64  0.94627320217091437     
          64          65  0.96190135405559452     
          64          66  0.95439119465333855     
          64          67   1.0081648346457708     
          67          68   1.4079723540673708     
          68          69  0.96477639760168099     
          68          70   1.4368242706664542     
          70          71  0.96819685968894809     
          67          72  0.10403008779188336     
          70          72   1.4420264879592124     
          72          73  0.97121619875371434     
          68          74  0.11486137682010830     
          72          74   1.4339209233517494     
          74          75  0.97221067633805969     
          67          76   1.4130674355023696     
          70          76  0.11058533114070800     
          74          76   1.4409762028593578     
          76          77  0.96476727367686366     
          62          78  0.93646641680761289     
          78          79   1.6022424096017314     
          78          80   1.2992301670251356     
          79          80  0.18568504401670652     
          80          81  0.90937804249165177     
          80          82  0.99224371658158383     
          82          83  0.94078273364901843     
          82          84  0.93864820964924689     
          84          85  0.97280217235094746     
          84          86  0.94357506473113162     
          84          87  0.92856195314543244     
          87          88   1.4904819422930307     
          87          89   1.4875142482405082     
          88          89  0.21425548574940800     
          82          90   1.0022928943574632     
          90          91   1.8785427515012054     
          92          93  0.95214109499219046     
          92          94   1.0155220964284026     
          94          95  0.93491521873661121     
          94          96  0.97974730310816882     
          96          97  0.96922652075488691     
          96          98  0.97519527655050342     
          96          99  0.99033959799106386     
          99         100  0.96087362675871457     
          99         101  0.96752309366976208     
          99         102  0.97794184568253484     
         102         103   1.6087936586326874     
         102         104   1.3250216820048348     
         103         104  0.19161899811687955     
         104         105  0.91941199490582437     
         104         106  0.90098521075539129     
          94         107  0.94732979048206778     
         107         108   1.6168649193811055     
         107         109   1.2820271432077548     
         108         109  0.18334763346925556     
         109         110  0.91878146445735553     
         109         111  0.97843626830467778     
         111         112  0.93311181000601151     
         111         113  0.98062196016003522     
         113         114  0.96984264451414326     
         113         115  0.97276609778036804     
         113         116   1.0060721251928111     
         116         117  0.96307409864665317     
         116         118  0.96846307935391618     
         116         119  0.92822401844766633     
         119         120   1.4877242537030231     
         119         121   1.4882203451039819     
         120         121  0.21155176059787503     
         111         122  0.94282219705545711     
         122         123   1.6057247224118354     
         122         124   1.3255136566177030     
         123         124  0.19961918584362251     
         124         125  0.90510350869402723     
         124         126  0.98213372484632178     
         126         127  0.94305467138486554     
         126         128  0.95136385508739352     
         128         129  0.96095743761137264     
         128         130   1.0056680743500566     
         130         131  0.98389812064024074     
         130         132  0.98346192894750772     
         130         133  0.98599504238104485     
         128         134   1.0100450594933681     
         134         135  0.98443945756748685     
         134         136  0.98315107526562850     
         134         137  0.98549980497824441     
         126         138  0.95553269808264496     
         138         139   1.6129309050106224     
         138         140   1.3139265792177917     
         139         140  0.19437427116899100     
         140         141  0.91488745766181256     
         140         142  0.96980188349708807     
         142         143  0.94351340906186998     
         142         144  0.95444302190933195     
         144         145  0.96031168245031084     
         144         146   1.0053253805114564     
         146         147  0.97882727818159543     
         146         148  0.98022499758919013     
         146         149  0.97803486231513537     
         144         150  0.99977340718547825     
         150         151  0.97684538137842170     
         150         152  0.97472894329502058     
         150         153   1.0138224270465521     
         153         154  0.98987892842738490     
         153         155  0.98865256256372036     
         153         156  0.98459581118609385     
         142         157  0.94473886429700660     
         157         158   1.6227394116298048     
         157         159   1.2990688644672412     
         158         159  0.18850411815429133     
         159         160  0.89994581689129993     
         159         161  0.97432402947281083     
         161         162  0.94128012561151264     
         161         163  0.95747014517568851     
         163         164  0.97220338420814345     
         163         165  0.96161487181672611     
         163         166   1.0033994405152964     
         166         167  0.97272865301516021     
         166         168  0.97334331753652981     
         166         169   1.0084632042810113     
         169         170  0.95794570152154535     
         169         171  0.96095754214103957     
         169         172  0.98322249129123962     
         172         173  0.91110784684884072     
         172         174   1.3160514046706768     
         172         175  0.10143787906876167     
         174         175   1.3246148753918572     
         175         176  0.91099524674764865     
         175         177  0.90531980937698830     
         172         178  0.10039922438933103     
         174         178   1.3061738969076377     
         175         178  0.10153660297826225     
         178         179  0.91845634922560959     
         178         180  0.91219587722803364     
         161         181  0.98497867595285760     
         181         182   1.8974190726118509     
         183         184  0.94297154878366252     
         183         185   1.0419501902236337     
         185         186  0.91826103053728891     
         185         187  0.95350107244152205     
         187         188  0.95894332425776718     
         187         189  0.96856433955291088     
         187         190   1.0062824234344208     
         190         191   1.4083743075684585     
         191         192  0.96763233393883819     
         191         193   1.4518388812667178     
         193         194  0.96915548618547198     
         193         195   1.3605350424045815     
         195         196   1.0620677937139669     
         196         197  0.86484351482903743     
         191         198  0.10194424956083906     
         195         198   1.3658508984307713     
         198         199  0.96789022369795619     
         190         200   1.3980201255117606     
         193         200  0.10891758858271335     
         198         200   1.4523028046597037     
         200         201  0.96478622813222403     
         185         202  0.97138562945061013     
         202         203   1.8825302067637686     
         204         205  0.91396425180261698     
         204         206   1.0210455229175481     
         206         207  0.95085599721124536     
         206         208  0.92290131767185157     
         208         209  0.96316738331614205     
         208         210  0.95565616936783604     
         208         211   1.0175572522089520     
         211         212   1.2528411002871989     
         212         213   1.5288186435285300     
         213         214  0.96384097675793967     
         212         215  0.10398753330220867     
         213         215   1.2912734819993819     
         215         216  0.92237853183993335     
         211         217   1.5592480247515841     
         213         217  0.10960048004847021     
         215         217   1.2006085157238231     
         217         218  0.96655886031670601     
         206         219  0.98759203124119543     
         219         220   1.8909093771763925     
         221         222  0.93686883237799734     
         221         223   1.0269055547029116     
         223         224  0.94908651369074848     
         223         225  0.94020953969877374     
         225         226  0.95980368083218459     
         225         227   1.0083388015766892     
         227         228  0.98244380916023322     
         227         229  0.98122828202959189     
         227         230  0.98152320131819393     
         225         231  0.99631509244812211     
         231         232  0.97591094076730212     
         231         233  0.97045233538659259     
         231         234   1.0143602457831351     
         234         235  0.98663712375650281     
         234         236  0.98319613107419734     
         234         237  0.98414877697356340     
         223         238  0.94926474543901829     
         238         239   1.6044453670155783     
         238         240   1.3044381730296395     
         239         240  0.18809441713025948     
         240         241  0.88784481714464081     
         240         242  0.97316218675193245     
         242         243  0.95779938286909849     
         242         244  0.95146638908943670     
         244         245  0.95187856878447830     
         244         246   1.0072936001961224     
         246         247  0.98380813869057437     
         246         248  0.97844010859716635     
         246         249  0.98117814338631937     
         244         250  0.99687235051526080     
         250         251  0.96843976404863441     
         250         252  0.97352229448180050     
         250         253   1.0152606291361186     
         253         254  0.98678137536736388     
         253         255  0.98236365615623567     
         253         256  0.98309547881929182     
         242         257  0.96847378708901444     
         257         258   1.8894960627329911     
          60         259  0.94296668296421959     
          90         260  0.93993696951795946     
          92         261  0.95598052577514581     
         181         262  0.93603881437451686     
         183         263  0.93946362528798810     
         202         264  0.93185021900152654     
         204         265  0.93876799226194874     
         219         266  0.93655872371870730     
         221         267  0.94025120530752615     
         257         268  0.93827807557251042     
