           1           2   1.1443703143957389     
           2           3   1.3110144421490593     
           3           5   1.0842778936122954     
           5           6  0.92020499975333425     
           6           7   1.4047909907608915     
           7           8   1.4323277931069731     
           6           9  0.10083916832227617     
           8           9   1.4340513297334943     
           7          10  0.10909180161994092     
           9          10   1.4227580394576020     
           6          11   1.4026742984418628     
           8          11  0.10423530383412476     
          10          11   1.4376179646355640     
           4          12  0.92736339442941140     
          12          13  0.18574250043241380     
           3          14   1.0281845628401041     
          12          14   1.1444210715918344     
          13          14   1.6649615969540741     
           4          15  0.99462049724659651     
           1          17   1.7389005934224984     
           2          17  0.10240099795818364     
          16          18   1.0034204040064281     
          18          19  0.98812228718460693     
          19          20   1.0011520382410468     
           1          21  0.93316652968296898     
          20          21  0.98260151273339347     
          16          22  0.97929556303395016     
          21          22  0.98050547323685577     
          22          23  0.88841978218762607     
          23          24  0.73773604060452302     
          24          25   1.4011046486848973     
          25          26   1.4475045292487720     
          26          27   1.3896758148565445     
          25          28  0.10268640861569714     
          27          28   1.3956746456187932     
          24          29   1.3991953472578598     
          26          29  0.10469210606649368     
          28          29   1.4435232142290595     
          23          30   1.5388875268784874     
          23          31   1.5583691393021455     
          30          31  0.10378536422515144     
          27          32   1.0311218964390503     
           2          33  0.83731386111373973     
           4          34  0.96640776644310156     
           4          35  0.96462354470148060     
           5          36  0.93844344982875061     
           5          37  0.91642368434623978     
           7          38  0.96560644309962984     
           8          39  0.96628434026121868     
           9          40  0.96656554235881642     
          10          41  0.96580099169157752     
          11          42  0.96075315863581301     
          15          43  0.98728621046603871     
          15          44  0.97991707018504570     
          15          45  0.97765741296482300     
          16          46  0.96185994730531932     
          16          47  0.95233665367969333     
          18          48  0.95363391722478608     
          18          49  0.95504312177266171     
          20          50  0.94938916032794718     
          20          51  0.95689358273543357     
          21          52  0.93515507546719223     
          25          53  0.96210222925853617     
          26          54  0.96230853234779956     
          28          55  0.96352218370871978     
          29          56  0.96389043067481683     
          32          57  0.98011673943628463     
          32          58  0.96576954599269516     
          32          59  0.94428923875526827     
