   -0.37062155
    0.17020792
    0.03443021
    0.08575656
   -0.08031062
    0.07161845
    0.05429562
   -0.00409981
   -0.04705841
    0.03117053
   -0.07104618
    0.02033756
    0.13468595
   -0.43743615
    0.33726301
   -0.06808791
    0.05410915
   -0.04204367
    0.05532964
    0.20890144
   -0.39560398
   -0.37042867
    0.16493867
    0.02834069
    0.06186645
   -0.07161617
    0.06147642
    0.05132172
    0.01167447
   -0.04182970
    0.05274843
   -0.03823825
    0.04782122
   -0.04146015
    0.03765187
   -0.03439250
    0.02379210
   -0.04306298
    0.02913625
    0.26237697
   -0.53199237
   -0.17024959
    0.21084833
    0.03753733
    0.09186484
   -0.07873341
    0.03993660
    0.06039013
    0.36035188
   -0.62983718
   -0.59124511
    0.20803804
   -0.36837545
   -0.38279100
    0.17308646
    0.04110273
    0.08688483
   -0.07084855
    0.05608338
    0.06786427
   -0.07059058
    0.06958224
    0.05495733
   -0.01857284
    0.07485765
    0.08182238
   -0.15605868
    0.23193942
    0.23694390
   -0.27006197
    0.23863055
    0.26510102
   -0.27160660
    0.22525537
    0.24333128
    0.19798775
   -0.40628562
   -0.36661406
    0.16720340
    0.04575350
    0.06388330
   -0.07382348
    0.06541886
    0.06971573
    0.00790260
   -0.04308309
    0.03438361
   -0.03606628
    0.02612074
   -0.03728621
    0.01977182
   -0.03661865
    0.03810576
   -0.04432552
    0.04996531
    0.20389945
   -0.39074333
   -0.36539643
    0.17508351
    0.03151394
    0.06700471
   -0.06171237
    0.04280029
    0.04746177
   -0.10020392
    0.06469733
    0.07773174
    0.28864985
   -0.53508611
   -0.29190555
    0.23175707
    0.24838659
    0.26634153
   -0.52488905
   -0.17477468
    0.21061065
    0.01755994
    0.08934916
   -0.04495460
    0.04043881
    0.05488000
   -0.08321597
    0.03537246
    0.02862629
    0.35979437
   -0.66732191
   -0.66897125
    0.27227637
   -0.50813482
   -0.15168023
    0.20952681
    0.02848546
    0.11151510
   -0.01505043
    0.06357987
   -0.10834717
    0.04745374
    0.02438103
    0.05407523
   -0.11681715
    0.04873894
    0.06331168
    0.03220505
    0.20092169
   -0.37980901
   -0.37186049
    0.17594107
    0.03934689
    0.06819455
   -0.07166993
    0.05448842
    0.05193565
    0.01022380
   -0.04314850
    0.05717070
   -0.06273619
    0.04488000
    0.13676691
   -0.46136607
    0.36303924
   -0.07378586
    0.03162519
   -0.03982558
    0.05397042
    0.19861874
   -0.40162710
   -0.36479967
    0.16190795
    0.05165390
    0.04618208
   -0.07752181
    0.05907701
    0.08765726
    0.03701794
   -0.33899311
    0.07627519
    0.05759561
   -0.09591582
    0.22264706
   -0.03014246
    0.03670351
    0.20427914
   -0.38156477
   -0.37333431
    0.15784417
    0.03516909
    0.07221908
   -0.02502883
    0.06342013
   -0.10595081
    0.04249831
    0.03860665
    0.02785202
   -0.06641562
    0.02977060
    0.03381494
   -0.11719514
    0.03927717
    0.03955787
    0.05397722
    0.20861262
   -0.39487857
    0.19148475
    0.05173285
    0.18215727
    0.07844909
    0.17428504
    0.05843339
    0.19189544
    0.04796618
    0.16440097
    0.08250612
    0.17915190
    0.06290251
    0.18230053
    0.06030196
    0.19302955
    0.05605790
