           1           2  0.95431764355506687     
           1           3   1.0362669287534017     
           3           4  0.93679751205681949     
           3           5  0.92551177845342580     
           5           6  0.96045186241257841     
           5           7  0.96884608788683879     
           5           8   1.0098022283860415     
           8           9   1.3955113833428863     
           9          10  0.96820493481323799     
           9          11   1.4634235492048375     
          11          12  0.96752307295718154     
          11          13   1.3524777171945068     
          13          14   1.0802858257619556     
          14          15  0.83078529691357061     
           9          16  0.10370530794915259     
          13          16   1.3718862907401770     
          16          17  0.96401655899602101     
           8          18   1.4092184200357454     
          11          18  0.10671502689066453     
          16          18   1.4451495188791834     
          18          19  0.96712987330703781     
           3          20  0.99234511248359814     
          20          21   1.8653989861957621     
          22          23  0.95668058652829868     
          22          24   1.0292643288817553     
          24          25  0.93093219423702711     
          24          26  0.96616619917326130     
          26          27  0.96652767628771952     
          26          28  0.96000601555135190     
          26          29   1.0057914669835080     
          29          30   1.4090406343060458     
          30          31  0.96702929607925692     
          30          32   1.4425759736173027     
          32          33  0.97018656401458014     
          29          34  0.10763714352333165     
          32          34   1.4357862784554682     
          34          35  0.97149709032195863     
          30          36  0.11186626409598643     
          34          36   1.4411850395250774     
          36          37  0.97231931188190546     
          29          38   1.4157213330226992     
          32          38  0.11270205158325733     
          36          38   1.4383928683559368     
          38          39  0.96592342648047791     
          24          40  0.93215465771173367     
          40          41   1.6037184468399692     
          40          42   1.2967150703869903     
          41          42  0.18792273168335927     
          42          43  0.92086532048693903     
          42          44  0.98034100324480244     
          44          45  0.94720193570067335     
          44          46  0.94663326487449806     
          46          47  0.97031394819610350     
          46          48  0.95129786319569309     
          46          49  0.94474269956114265     
          49          50   1.4903585026985919     
          49          51   1.4592574840372894     
          50          51  0.21014737307272557     
          44          52  0.98976926584515534     
          52          53   1.8900833863309825     
          54          55  0.95375804436176359     
          54          56   1.0236095496388280     
          56          57  0.92430269787581121     
          56          58  0.97062487002931075     
          58          59  0.96969438877965608     
          58          60  0.96756651052741216     
          58          61   1.0048893095155873     
          61          62  0.96870194405598542     
          61          63  0.97640562271909337     
          61          64  0.99722424312202074     
          64          65  0.96502958174008613     
          64          66  0.96702836332582343     
          64          67  0.97959814624948383     
          67          68  0.91724738139102724     
          67          69   1.2902455066941079     
          69          70   1.3253674311290129     
          70          71  0.91783743520859817     
          70          72  0.87248640764813379     
          69          73   1.3276344968286200     
          70          73  0.10778848753683404     
          73          74  0.92446482425415244     
          73          75  0.86715358275286802     
          56          76  0.98694523631848152     
          76          77   1.8654376554623644     
          78          79  0.95661486697648135     
          78          80   1.0366110414918079     
          80          81  0.94581947010995027     
          80          82  0.93399946728536609     
          82          83  0.96179234144459524     
          82          84  0.96739176975703778     
          82          85   1.0076615179182045     
          85          86   1.3954979071235196     
          86          87  0.96696249225462572     
          86          88   1.4522498243189794     
          88          89  0.97058262770794279     
          85          90  0.10753669188360784     
          88          90   1.4284069149426981     
          90          91  0.96906004100160503     
          86          92  0.11495918786064577     
          90          92   1.4482517224935010     
          92          93  0.97177749014281933     
          85          94   1.4285448348188317     
          88          94  0.10891695544366971     
          92          94   1.4273013502402068     
          94          95  0.96771178238817801     
          80          96  0.98353837133551048     
          96          97   1.8774049590303774     
          98          99  0.95491242941142840     
          98         100   1.0267256833005891     
         100         101  0.93400620036602700     
         100         102  0.97941978628833914     
         102         103  0.97452250258267992     
         102         104  0.97371511803170918     
         102         105  0.98578518903117296     
         105         106  0.97208908048683962     
         105         107  0.96092906545154066     
         105         108  0.97488093064821291     
         108         109   1.6214157678899628     
         108         110   1.3167045901259533     
         109         110  0.19495900813084668     
         110         111  0.92320675695832288     
         110         112  0.91622342919463107     
         100         113  0.94205733751703213     
         113         114   1.6128182639251292     
         113         115   1.2908578965216688     
         114         115  0.18885656993997030     
         115         116  0.92138979290720135     
         115         117  0.97954463838866057     
         117         118  0.93434014035956936     
         117         119  0.97859274400913632     
         119         120  0.97248345753969678     
         119         121  0.97491505496043507     
         119         122  0.99790712169805129     
         122         123  0.96702867467004172     
         122         124  0.97795109790099066     
         122         125  0.94552164725446253     
         125         126   1.4856065599878492     
         125         127   1.4775902829339973     
         126         127  0.21036477898732017     
         117         128  0.94284088315353320     
         128         129   1.6194026688028595     
         128         130   1.3115398196607528     
         129         130  0.19703515049775075     
         130         131  0.90563366973800541     
         130         132  0.98379562456675673     
         132         133  0.91740271065413725     
         132         134  0.94265179399478527     
         134         135  0.96150557619376742     
         134         136   1.0040890728470155     
         136         137  0.98038055741656804     
         136         138  0.98178642987847309     
         136         139  0.98256621058731242     
         134         140   1.0077593659157345     
         140         141  0.98438387631730317     
         140         142  0.98300284897319579     
         140         143  0.98520415282183693     
         132         144  0.99915342253923478     
         144         145   1.8701779610669726     
         146         147  0.95379743113179649     
         146         148   1.0271091244140915     
         148         149  0.94528684580670252     
         148         150  0.95084467303252729     
         150         151  0.96222166706350976     
         150         152  0.97313970326258126     
         150         153   1.0038719474000750     
         153         154   1.4190795844985200     
         154         155  0.96645435127200174     
         154         156   1.4362525490376368     
         156         157  0.96937849753946970     
         156         158   1.3786107958836389     
         158         159   1.0667485108174046     
         159         160  0.84345578155155576     
         154         161  0.10628291682519424     
         158         161   1.3570485633316121     
         161         162  0.96427511263997834     
         153         163   1.3963334344787950     
         156         163  0.10800911141889123     
         161         163   1.4643194710265017     
         163         164  0.96680689906041395     
         148         165  0.97305336216577965     
         165         166   1.8721042057389672     
         167         168  0.95816133209080134     
         167         169   1.0165844044433423     
         169         170  0.96237599744256985     
         169         171  0.92759021048302592     
         171         172  0.97045054351463744     
         171         173  0.95790315053169206     
         171         174   1.0117719940250822     
         174         175   1.2644826023911087     
         175         176   1.5248470646672783     
         176         177  0.96436852853724542     
         175         178  0.10457229213430944     
         176         178   1.2963594246051680     
         178         179  0.92066055728220786     
         174         180   1.5673574819908511     
         176         180  0.11736126430387062     
         178         180   1.2005375035852537     
         180         181  0.96587249438339395     
         169         182  0.99154666516174794     
         182         183   1.8788754945486110     
         184         185  0.95946696957841426     
         184         186   1.0216104066728930     
         186         187  0.94770556962276398     
         186         188  0.93501341961850459     
         188         189  0.95795965834824259     
         188         190   1.0080817174524681     
         190         191  0.98268109168618278     
         190         192  0.97865389127876190     
         190         193  0.98541988519251644     
         188         194  0.99316371956571836     
         194         195  0.97408941912636027     
         194         196  0.97230214533392667     
         194         197   1.0170286349049797     
         197         198  0.98837950913710548     
         197         199  0.97413015201490727     
         197         200  0.98098579728147484     
         186         201  0.98559483065074305     
         201         202   1.8782088960298942     
           1         203  0.94794905442616784     
          20         204  0.93875107633986166     
          22         205  0.95248096195382437     
          52         206  0.93549559049577180     
          54         207  0.95553899739890003     
          76         208  0.93800694071312507     
          78         209  0.94890510079404355     
          96         210  0.94084311930060438     
          98         211  0.95793204177662727     
         144         212  0.93613253447855038     
         146         213  0.95351591235516764     
         165         214  0.93675159414469433     
         167         215  0.95030302056412619     
         182         216  0.94023970226487974     
         184         217  0.94615263406515171     
         201         218  0.93911911364949385     
