   -0.37461899
    0.15896811
    0.03501034
    0.06824551
   -0.07121526
    0.06782220
    0.04786996
    0.00926715
   -0.04491449
    0.05160438
   -0.04035693
    0.04995511
   -0.04226842
    0.04368863
   -0.03249201
    0.02208911
   -0.03230770
    0.00820076
    0.26580063
   -0.54007606
   -0.16654087
    0.21124942
    0.05327857
    0.08865762
   -0.08137111
    0.03874038
    0.05834234
    0.36348883
   -0.65874268
   -0.64757797
    0.20956535
   -0.37256925
   -0.36549524
    0.16655696
    0.04780454
    0.06023675
   -0.07631788
    0.05829001
    0.07880616
    0.01038072
   -0.04382612
    0.04112802
   -0.03750422
    0.02904592
   -0.04028463
    0.02713655
   -0.03672684
    0.03272608
   -0.04346138
    0.04388315
    0.20543729
   -0.38482948
   -0.37081113
    0.17260791
    0.02738282
    0.08391243
   -0.05891738
    0.05827410
    0.03876014
   -0.09624107
    0.07069481
    0.06938522
    0.29284298
   -0.54730558
   -0.27915052
    0.23144888
    0.24456986
    0.26794464
   -0.52715542
   -0.17222370
    0.21581750
    0.02451632
    0.07900572
   -0.04962314
    0.04469011
    0.04508925
   -0.09844540
    0.04409298
    0.03335400
    0.36435934
   -0.66191998
   -0.66363854
    0.26810927
   -0.51865426
   -0.15959791
    0.20873986
    0.02316525
    0.06492755
   -0.02219785
    0.05216329
   -0.11034845
    0.03125628
    0.05593646
    0.03921273
   -0.12088123
    0.04277117
    0.04486814
    0.05767592
    0.27374260
   -0.50194857
   -0.15586527
    0.20875372
    0.02026593
    0.08257232
   -0.02893680
    0.07435806
   -0.12437230
    0.05829878
    0.03196949
    0.05876602
   -0.06251372
    0.03996101
    0.02732734
   -0.11647344
    0.05397755
    0.04027570
    0.04304000
    0.27687867
   -0.50264236
   -0.17765293
    0.23330894
    0.03346291
    0.09218452
   -0.08542493
    0.08082356
    0.08380420
   -0.07318415
    0.06973303
    0.05762222
   -0.02617244
    0.08906808
    0.08888557
   -0.13858077
    0.23106567
    0.23813714
   -0.26335094
    0.25431939
    0.26119438
   -0.28263868
    0.25784966
    0.26756520
    0.21339753
   -0.37618916
   -0.37378834
    0.16168192
    0.04199985
    0.08006644
   -0.06182077
    0.05549810
    0.04633270
    0.00392019
   -0.04287452
    0.04892067
   -0.07574026
    0.03985166
    0.13636358
   -0.45508876
    0.35162623
   -0.06269353
    0.04247107
   -0.04183641
    0.05187903
    0.20012570
   -0.39200221
   -0.35380713
    0.17068962
   -0.01715439
    0.05655649
    0.07397420
    0.27303952
   -0.51061869
   -0.16843491
    0.22254448
    0.03537082
    0.07410463
   -0.06571348
    0.05909898
    0.07806317
    0.04323695
   -0.32166030
    0.08124164
    0.05352085
   -0.10207774
    0.22642583
   -0.03622951
    0.04687181
    0.19616624
   -0.36372477
   -0.38410885
    0.15775126
    0.02365867
    0.06125842
   -0.01946854
    0.04686187
   -0.10742349
    0.04892404
    0.04348352
    0.04467719
   -0.05692304
    0.03359057
    0.02913832
   -0.10231639
    0.03444420
    0.03262503
    0.02127713
    0.26498541
   -0.52492487
   -0.16249869
    0.22855861
    0.02638033
    0.08889731
   -0.01767370
    0.06225961
   -0.11972402
    0.05146298
    0.05041872
    0.04026598
   -0.05517912
    0.03001718
    0.04073314
   -0.10389761
    0.02634968
    0.03372060
    0.03395950
    0.20427062
   -0.37190432
    0.19359854
    0.06190398
    0.18291594
    0.04644577
    0.16213014
    0.06826359
    0.18425866
    0.07519512
    0.17798718
    0.07131118
    0.17403932
    0.07474159
