           1           2  0.95819971054453013     
           1           3   1.0303999925339142     
           3           4  0.94692545121800864     
           3           5  0.95447430919697696     
           5           6  0.96614017018137233     
           5           7  0.94741148911249307     
           5           8   1.0096210517145006     
           8           9   1.4164599179778941     
           9          10  0.96581227492183175     
           9          11   1.4364774375683689     
          11          12  0.97018308113030094     
           8          13  0.10982961596983154     
          11          13   1.4425065158450097     
          13          14  0.96446992391502484     
           9          15  0.10970660004042315     
          13          15   1.4276559587317752     
          15          16  0.97174651868186956     
           8          17   1.4022459198205695     
          11          17  0.11050679708012431     
          15          17   1.4513707138807752     
          17          18  0.96550706713113499     
           3          19  0.94490965659348092     
          19          20   1.5981471148614244     
          19          21   1.2999795975142228     
          20          21  0.18476515035382424     
          21          22  0.91255934262931826     
          21          23  0.99085234414893752     
          23          24  0.93097309750382307     
          23          25  0.94906047586513897     
          25          26  0.97519037450589563     
          25          27  0.95491038597602917     
          25          28  0.93382370085913791     
          28          29   1.4819932009885013     
          28          30   1.4994419007093305     
          29          30  0.21750560165026847     
          23          31  0.99934439677998188     
          31          32   1.8778109997247932     
          33          34  0.95751004046495980     
          33          35   1.0276726587852283     
          35          36  0.95839877624912972     
          35          37  0.93051392425992119     
          37          38  0.97006852191338555     
          37          39  0.96040688515176398     
          37          40   1.0081322663192016     
          40          41   1.4113919945785116     
          41          42  0.96870428596180225     
          41          43   1.4389173374039521     
          43          44  0.97254632038392463     
          40          45  0.10683864322049069     
          43          45   1.4386194216902870     
          45          46  0.97283137192081670     
          41          47  0.11276298328983757     
          45          47   1.4382007707307203     
          47          48  0.97130228041737943     
          40          49   1.4127400432713793     
          43          49  0.11150016509922062     
          47          49   1.4413170439696297     
          49          50  0.96943748633638982     
          35          51  0.97893638574358599     
          51          52   1.8866860517328201     
          53          54  0.95600962785278354     
          53          55   1.0183910390159232     
          55          56  0.94123135566536476     
          55          57  0.98689173236902517     
          57          58  0.96681654106807968     
          57          59  0.97641837351891803     
          57          60  0.99232188262679155     
          60          61  0.96706026375525844     
          60          62  0.96890355531383254     
          60          63  0.96982515000529168     
          63          64   1.6108421715125860     
          63          65   1.3316721387659689     
          64          65  0.19570520229433175     
          65          66  0.92172828091334202     
          65          67  0.91821112464183507     
          55          68  0.94048017409241924     
          68          69   1.6234626311842248     
          68          70   1.2837901301210264     
          69          70  0.18374828138305188     
          70          71  0.91553404465797550     
          70          72  0.98956878749269594     
          72          73  0.94139536875796337     
          72          74  0.97748110485812578     
          74          75  0.97085546237672415     
          74          76  0.97566978002445826     
          74          77   1.0034917768314737     
          77          78  0.96761488439626187     
          77          79  0.96877231014646947     
          77          80  0.93397719475046304     
          80          81   1.4890120779894354     
          80          82   1.4860163169535550     
          81          82  0.21408034287147884     
          72          83  0.93534718762010294     
          83          84   1.6160546519124706     
          83          85   1.3117237166530389     
          84          85  0.19652233705398764     
          85          86  0.90682121423165707     
          85          87  0.98321354574313502     
          87          88  0.94359669721517314     
          87          89  0.95933537141763781     
          89          90  0.96374780898273715     
          89          91   1.0059710831989843     
          91          92  0.98566118955506521     
          91          93  0.98298978039207774     
          91          94  0.98518409527677486     
          89          95   1.0032187305132449     
          95          96  0.98571158502063416     
          95          97  0.98484077002099890     
          95          98  0.98531055587044791     
          87          99  0.94427631499821496     
          99         100   1.6211668626804809     
          99         101   1.3160905290506724     
         100         101  0.19644158995529160     
         101         102  0.91146757442124371     
         101         103  0.97252806961524996     
         103         104  0.94151567773499667     
         103         105  0.96990890798339069     
         105         106  0.95831921709072365     
         105         107   1.0028923911271097     
         107         108  0.98355868628152265     
         107         109  0.97809702730069459     
         107         110  0.98059828149627637     
         105         111  0.99485948151100134     
         111         112  0.97565976634297069     
         111         113  0.97437822742300240     
         111         114   1.0166172921804943     
         114         115  0.98419993220048951     
         114         116  0.98633389217755663     
         114         117  0.98669331808804761     
         103         118  0.93955199575634751     
         118         119   1.6440424797150679     
         118         120   1.2870762817354282     
         119         120  0.19631198075482842     
         120         121  0.91055041450285845     
         120         122  0.97432981509333172     
         122         123  0.94413193277110585     
         122         124  0.95892006700809851     
         124         125  0.96798844495823855     
         124         126  0.96793546578788847     
         124         127   1.0041133258059589     
         127         128  0.97327964838879555     
         127         129  0.97507122806018420     
         127         130   1.0072424532914792     
         130         131  0.95848086328376769     
         130         132  0.95972910523878807     
         130         133  0.98479202523213649     
         133         134  0.91488357326042880     
         133         135   1.3177124628016545     
         133         136  0.10245349759688344     
         135         136   1.3239676554055744     
         136         137  0.91096433418171763     
         136         138  0.91288235541987528     
         135         139   1.3007092147901176     
         139         140  0.91363427959932930     
         139         141  0.90711743492579211     
         122         142  0.98114484865694851     
         142         143   1.8921747292717317     
         144         145  0.95525977291873787     
         144         146   1.0286033918468320     
         146         147  0.91554911338946465     
         146         148  0.95710694137277696     
         148         149  0.95916916808459796     
         148         150  0.96872258735075567     
         148         151   1.0054246293622722     
         151         152   1.3976223863801804     
         152         153  0.96882679925947635     
         152         154   1.4624955328069649     
         154         155  0.96672077889124153     
         154         156   1.3598562359324331     
         156         157   1.0632434463459868     
         157         158  0.85369882845591150     
         152         159  0.10613055542821748     
         156         159   1.3730033563858752     
         159         160  0.96125837489490240     
         151         161   1.4137595853809077     
         154         161  0.10626229675371311     
         159         161   1.4417217602159895     
         161         162  0.96585791939171894     
         146         163  0.99098390946342396     
         163         164   1.8646789567921431     
         165         166  0.94638290551897131     
         165         167   1.0281969374583859     
         167         168  0.96312786707636744     
         167         169  0.95463524219257812     
         167         170  0.94412477871743927     
         170         171   1.6326965229781594     
         170         172   1.2849163058005137     
         171         172  0.18963359436857638     
         172         173  0.90799047531477695     
         172         174  0.97648302275580945     
         174         175  0.95371860834786837     
         174         176  0.93989076571640451     
         176         177  0.96450433976669525     
         176         178  0.95617384453850995     
         176         179   1.0121727080319127     
         179         180   1.2753272333875287     
         180         181   1.5251133494982130     
         181         182  0.96334460645777786     
         180         183  0.10333932896815541     
         181         183   1.2899193857172744     
         183         184  0.91855504347638695     
         179         185   1.5592165771981441     
         181         185  0.11937027595567277     
         183         185   1.2116800710831954     
         185         186  0.96175704682732022     
         174         187  0.98761318661775344     
         187         188   1.8547895932996048     
         189         190  0.94730000788968993     
         189         191   1.0130175795485494     
         191         192  0.95267619033929773     
         191         193  0.95606345668185688     
         193         194  0.95919697558967798     
         193         195   1.0070493967532477     
         195         196  0.98223635945241727     
         195         197  0.97600945381907567     
         195         198  0.97909179570392957     
         193         199  0.99811996693897798     
         199         200  0.97811874126122855     
         199         201  0.95948192251393549     
         199         202   1.0114620647141745     
         202         203  0.98673145197803347     
         202         204  0.98864664626095666     
         202         205  0.98676503520270398     
         191         206  0.94079007443476259     
         206         207   1.6118712722382074     
         206         208   1.3064300078793407     
         207         208  0.19089347851856642     
         208         209  0.88737469619105735     
         208         210  0.96808619977829791     
         210         211  0.95333980775441496     
         210         212  0.94828027602148168     
         212         213  0.96044662790379287     
         212         214   1.0045389029400480     
         214         215  0.98407141810533649     
         214         216  0.98316768837903812     
         214         217  0.98264496551104652     
         212         218  0.99772640289770020     
         218         219  0.96607464968096113     
         218         220  0.97197871244707190     
         218         221   1.0134269973736203     
         221         222  0.97988250190104809     
         221         223  0.98196715736369888     
         221         224  0.98705384971521426     
         210         225  0.98200309021598642     
         225         226   1.8775925537162923     
           1         227  0.94868981458997670     
          31         228  0.94308820855634268     
          33         229  0.95261851088528449     
          51         230  0.94095185837100281     
          53         231  0.95777351464169247     
         142         232  0.93545726848844291     
         144         233  0.95084638053091119     
         163         234  0.93190418189869906     
         165         235  0.95431113044674420     
         187         236  0.93845928909302767     
         189         237  0.95376295245216003     
         225         238  0.93745731099763385     
