   -0.37472528
    0.15890844
    0.03354199
    0.06098161
   -0.06035274
    0.06406428
    0.05705610
   -0.10357959
    0.09385641
    0.07151958
    0.28922091
   -0.52921996
   -0.29959505
    0.23669774
    0.24450433
    0.26150992
   -0.52599930
   -0.18095584
    0.20645047
    0.02716486
    0.07313956
   -0.04718575
    0.04348499
    0.04615202
   -0.09128696
    0.03898256
    0.02663712
    0.36470018
   -0.66212189
   -0.66329088
    0.28405769
   -0.50999431
   -0.15474510
    0.20333263
    0.01701492
    0.07402387
   -0.01871505
    0.05584337
   -0.11534210
    0.05558913
    0.04717030
    0.03155457
   -0.11457881
    0.03605755
    0.04045763
    0.05346147
    0.27405632
   -0.49997211
   -0.15534660
    0.21423691
    0.02497354
    0.07640308
   -0.02041764
    0.05115120
   -0.11808982
    0.05183824
    0.05811017
    0.03059807
   -0.06659998
    0.04838368
    0.04730493
   -0.11677093
    0.02476368
    0.04831558
    0.04853068
    0.27546552
   -0.50589244
   -0.17131583
    0.22848609
    0.03285599
    0.09310877
   -0.07870485
    0.08085301
    0.07288140
   -0.08100047
    0.06787213
    0.07571736
   -0.02354784
    0.10151428
    0.09000855
   -0.14610193
    0.22928635
    0.23767967
   -0.26417379
    0.24753565
    0.26192708
   -0.27710495
    0.25514456
    0.26702189
    0.21541825
   -0.38678130
   -0.37258064
    0.17059311
    0.02960385
    0.06146825
   -0.13602870
    0.05657048
    0.05085473
    0.04239471
    0.26501400
   -0.51958524
   -0.17147167
    0.21216694
    0.02901364
    0.11654098
   -0.07240144
    0.07394660
    0.06121812
    0.00435400
   -0.04129035
    0.05382189
   -0.06004738
    0.04592399
    0.13863381
   -0.46246809
    0.36960025
   -0.07549405
    0.04705403
   -0.04839095
    0.05457392
    0.20553616
   -0.38580101
   -0.36307412
    0.16090619
    0.04319064
    0.05795557
   -0.07592376
    0.04848864
    0.07952019
    0.04384393
   -0.31802985
    0.08026425
    0.04819239
   -0.10796910
    0.22351553
   -0.03602910
    0.04153175
    0.20688430
   -0.36766764
   -0.36686812
    0.15962872
    0.03337869
    0.05743586
   -0.02305690
    0.05537126
   -0.10780902
    0.05101505
    0.03993029
    0.03598619
   -0.06185121
    0.03282764
    0.03086142
   -0.11401342
    0.03422226
    0.04807127
    0.04151643
    0.21242108
   -0.39481539
    0.16089328
    0.07045528
    0.17715455
    0.07848949
    0.17669504
    0.05913586
    0.18368986
    0.05524104
