           1           2  0.96696126697160967     
           1           3   1.0070642862338279     
           3           4  0.93702960548002556     
           3           5  0.98812306810745765     
           5           6  0.97245941799358215     
           5           7  0.97203140790304787     
           5           8   1.0015432887178273     
           8           9  0.94443048875554436     
           8          10  0.96518983779356471     
           8          11  0.97697725575227834     
          11          12   1.6208821517435381     
          11          13   1.3161404243206487     
          12          13  0.19413171390846451     
          13          14  0.92459060238529778     
          13          15  0.91748279753285555     
           3          16  0.94528654547932511     
          16          17   1.6162340451528163     
          16          18   1.2818924206614624     
          17          18  0.18600934778768605     
          18          19  0.92130093365052590     
          18          20  0.98432281781562803     
          20          21  0.94093751657671754     
          20          22  0.97273842394932142     
          22          23  0.97251202998886344     
          22          24  0.97555850298524249     
          22          25   1.0050495266369344     
          25          26  0.96325743370373706     
          25          27  0.97051649352970693     
          25          28  0.93818675623414960     
          28          29   1.4860545686668121     
          28          30   1.4859301863900825     
          29          30  0.21427925544623266     
          20          31  0.94467830242681972     
          31          32   1.6232670279694685     
          31          33   1.3024882613017155     
          32          33  0.19407111173658759     
          33          34  0.91207882785435546     
          33          35  0.98134589405729644     
          35          36  0.94545766909517426     
          35          37  0.94925894910120134     
          37          38  0.96075946897994480     
          37          39   1.0040975800999492     
          39          40  0.98337653451634011     
          39          41  0.98452992092593272     
          39          42  0.98776690661692901     
          37          43   1.0093332873700209     
          43          44  0.98598067642118425     
          43          45  0.98611404905996469     
          43          46  0.98498175921429554     
          35          47  0.94712421907625222     
          47          48   1.6304495541297801     
          47          49   1.3029762649490029     
          48          49  0.19283063801757616     
          49          50  0.91355228838119862     
          49          51  0.97994129925582329     
          51          52  0.94242390875659787     
          51          53  0.96500397514314062     
          53          54  0.95466791613725555     
          53          55   1.0047421406386037     
          55          56  0.97604984034380338     
          55          57  0.98353318965785697     
          55          58  0.98254196339290911     
          53          59  0.99558473271320935     
          59          60  0.97466426227451763     
          59          61  0.97191985232074551     
          59          62   1.0175111834014896     
          62          63  0.97642892104972190     
          62          64  0.98324570706953940     
          62          65  0.97529597364993359     
          51          66  0.94045050086977511     
          66          67   1.6400985793360179     
          66          68   1.2859845209069400     
          67          68  0.19217321612702201     
          68          69  0.90698396011871940     
          68          70  0.97695234574429834     
          70          71  0.93390729695510655     
          70          72  0.95060924986191464     
          72          73  0.96645954058309569     
          72          74  0.96645237983118182     
          72          75   1.0062317745398073     
          75          76  0.96383893251683239     
          75          77  0.96345823658037821     
          75          78   1.0045795605229564     
          78          79  0.95988707421928665     
          78          80  0.95937388176383365     
          78          81  0.98047261596471458     
          81          82  0.91132322136088473     
          81          83   1.3133802236083316     
          81          84  0.10112144317470560     
          83          84   1.3172274202523120     
          84          85  0.91667012380110946     
          84          86  0.91109965800707027     
          81          87  0.10151837172968427     
          83          87   1.3125652143144415     
          84          87  0.10073655723114348     
          87          88  0.91430173273545601     
          87          89  0.90807031130104299     
          70          90  0.99610200097721335     
          90          91   1.8769527200913214     
          92          93  0.95631325090260910     
          92          94   1.0189641823522100     
          94          95  0.94210477137302462     
          94          96  0.99727007777352816     
          96          97  0.98219135859451012     
          96          98  0.97999307771960598     
          96          99  0.98221963851409488     
          94         100  0.94102910787381533     
         100         101   1.6189855149935342     
         100         102   1.3020969419639477     
         101         102  0.19230992816981157     
         102         103  0.91766417192475735     
         102         104  0.98347885448256034     
         104         105  0.91216276059323853     
         104         106  0.94734890023211993     
         106         107  0.95468436712463134     
         106         108  0.97041293737383771     
         106         109   1.0070770362016990     
         109         110   1.4059017988196636     
         110         111  0.96206948734427389     
         110         112   1.4605409100994822     
         112         113  0.96998106369202541     
         112         114   1.3514504624284578     
         114         115   1.0719992055689016     
         115         116  0.84364706833821457     
         110         117  0.10247285341315979     
         114         117   1.3766667110076263     
         117         118  0.96647452135823553     
         109         119   1.4061278603963956     
         112         119  0.11039979509886501     
         117         119   1.4397189795940757     
         119         120  0.96751088614813130     
         104         121  0.99772131359445282     
         121         122   1.8785896594570695     
         123         124  0.95875361877596887     
         123         125   1.0242114007199365     
         125         126  0.95544686475874563     
         125         127  0.92782309060104629     
         127         128  0.96303272210517055     
         127         129  0.96024582885128940     
         127         130   1.0143902225591597     
         130         131   1.2696794913992933     
         131         132   1.5200110962030018     
         132         133  0.96399799164038158     
         131         134  0.10410482446655335     
         132         134   1.2924246472806469     
         134         135  0.91994126047153613     
         130         136   1.5587772438130185     
         132         136  0.11879309180099115     
         134         136   1.2112267349510655     
         136         137  0.96370227092731620     
         125         138  0.99093645497131444     
         138         139   1.8862357722425898     
         140         141  0.95274138515319207     
         140         142   1.0095578568238848     
         142         143  0.95238989883596181     
         142         144  0.94701387286011962     
         144         145  0.96183313503543277     
         144         146   1.0061031043407003     
         146         147  0.98060631822406208     
         146         148  0.98009740065391748     
         146         149  0.97979128052326181     
         144         150  0.99567548832097330     
         150         151  0.97583966855454340     
         150         152  0.97673527657781900     
         150         153   1.0165836587916912     
         153         154  0.98752424278073603     
         153         155  0.98540392868615601     
         153         156  0.98641008700946253     
         142         157  0.98143295569363942     
         157         158   1.8769136550699876     
           1         159  0.95720971201968763     
          90         160  0.93512475007822171     
          92         161  0.95450030702345356     
         121         162  0.93457653657802253     
         123         163  0.95490685756369231     
         138         164  0.93814611763193800     
         140         165  0.95011754673962823     
         157         166  0.93602373835838459     
