           1           2   1.1389073609848774     
           2           3   1.3005038633983383     
           3           5   1.0846851900013339     
           5           6  0.93519731254253313     
           6           7   1.4001873935314475     
           7           8   1.4403207919504117     
           8           9   1.4222876297542932     
           7          10  0.10670473969917736     
           9          10   1.4358616883511295     
           6          11   1.4001359781779841     
           8          11  0.10538606970704648     
          10          11   1.4273681044351438     
           4          12  0.93265120611628927     
          12          13  0.18643195708769850     
           3          14   1.0227884434105163     
          12          14   1.1502536664834753     
          13          14   1.6631100514712700     
           4          15   1.0067450334676011     
           1          17   1.7439681026936409     
           2          17  0.10882435713788219     
          16          18   1.0005417014878610     
          18          19  0.98937727707720935     
          19          20  0.99473026302884959     
           1          21  0.94183944961831645     
          20          21  0.98410281059778626     
          16          22  0.98067303977633791     
          21          22  0.98229289108900797     
          22          23  0.88315604303639095     
          23          24  0.74077176874281847     
          24          25   1.3929409079348865     
          25          26   1.4540578521919683     
          26          27   1.3873026452218356     
          25          28  0.10620160746726008     
          27          28   1.4024149707972615     
          24          29   1.4102302435591412     
          26          29  0.10086401722659173     
          28          29   1.4411655053844032     
          23          30   1.5393592028730072     
          23          31   1.5625335995100349     
          30          31  0.10055395359819172     
          27          32   1.0326125243177986     
           2          33  0.85349419605437882     
           4          34  0.96759553191442738     
           4          35  0.95380580022319206     
           5          36  0.88273623544466806     
           5          37  0.94978199270004593     
           7          38  0.95406390611559444     
           8          39  0.96693280100077894     
           9          40  0.96648198130231378     
          10          41  0.96585287173144407     
          11          42  0.96718091204015488     
          15          43  0.98512986455712392     
          15          44  0.97864260004056924     
          15          45  0.98009508954831415     
          16          46  0.96394518118970463     
          16          47  0.95850935671822513     
          18          48  0.95308203632241251     
          18          49  0.95937299151909194     
          20          50  0.95049059218283549     
          20          51  0.94982282453473421     
          21          52  0.91440565692639209     
          25          53  0.96262646299528853     
          26          54  0.96157160922577067     
          28          55  0.96255138090619285     
          29          56  0.96580770866043109     
          32          57  0.98144542340513907     
          32          58  0.95533250490874333     
          32          59  0.96699250169985329     
