   -0.36589101
    0.16130693
    0.03708565
    0.07952723
   -0.08082499
    0.08236877
    0.05920359
    0.00688780
   -0.04898634
    0.04170729
   -0.06907542
    0.02050315
    0.13450444
   -0.47594576
    0.33285638
   -0.06320984
    0.03048551
   -0.03922741
    0.05801800
    0.21294604
   -0.39276583
   -0.37073428
    0.15457984
    0.03373447
    0.06772792
   -0.06913506
    0.06752855
    0.03754308
    0.01222691
   -0.04514140
    0.05936695
   -0.03897684
    0.05448677
   -0.03717081
    0.04182569
   -0.03380950
    0.01798774
   -0.04135628
    0.01135420
    0.27201742
   -0.53292549
   -0.17032474
    0.22338803
    0.04850747
    0.06598758
   -0.07427389
    0.03579037
    0.05446871
    0.36574529
   -0.63872893
   -0.64351522
    0.20524976
   -0.36253761
   -0.36067836
    0.17133961
    0.04491600
    0.05733615
   -0.06999702
    0.06149580
    0.06653001
    0.00815918
   -0.03763915
    0.04176775
   -0.03609542
    0.03973914
   -0.04415305
    0.02621087
   -0.04206420
    0.03035216
   -0.04866967
    0.03780276
    0.20622019
   -0.37331815
   -0.35267273
    0.17057128
    0.04403811
    0.06154829
   -0.06334894
    0.06285784
    0.03308201
    0.01059348
   -0.04239544
    0.02630622
   -0.04071090
    0.03828963
   -0.04852202
    0.04915615
   -0.03630477
    0.04012255
   -0.03450754
    0.04638198
    0.21159792
   -0.38426209
   -0.38218067
    0.16278641
    0.04042254
    0.04413218
   -0.04146242
    0.04189638
    0.04719786
   -0.08606223
    0.02570668
    0.02690887
    0.36229879
   -0.66642374
   -0.66425822
    0.26304947
   -0.54224960
   -0.15327200
    0.21667634
    0.02204627
    0.07708430
   -0.01607668
    0.05439946
   -0.11244502
    0.04281563
    0.03297248
    0.05331578
   -0.11866660
    0.04717423
    0.04772862
    0.05887164
    0.26390658
   -0.52850360
   -0.15713062
    0.20798533
    0.03058747
    0.08980168
   -0.01573790
    0.06400039
   -0.12947760
    0.05270478
    0.06115670
    0.05673956
   -0.06693482
    0.03971596
    0.04334019
   -0.11781966
    0.05003566
    0.04799052
    0.04204674
    0.20577594
   -0.37759498
   -0.36680812
    0.16725817
    0.04011328
    0.08069881
   -0.06541635
    0.05958660
    0.04798669
    0.00509367
   -0.04320893
    0.04708893
   -0.07251428
    0.03594415
    0.14365802
   -0.44229125
    0.34737533
   -0.06217782
    0.04209756
   -0.04307827
    0.04813131
    0.19746238
   -0.40094139
   -0.36412732
    0.17919111
    0.05121372
    0.04838529
   -0.07138931
    0.05720860
    0.06435710
    0.03803351
   -0.33345377
    0.08156385
    0.04518588
   -0.10953821
    0.22810510
   -0.02795989
    0.04247404
    0.20669969
   -0.36982566
   -0.37443509
    0.16621880
    0.02948716
    0.04361013
   -0.02651015
    0.03754783
   -0.11010978
    0.03821049
    0.04207805
    0.04779407
   -0.06048983
    0.04115272
    0.02694615
   -0.10797077
    0.02832110
    0.03393199
    0.04658692
    0.26743761
   -0.53318008
   -0.15607089
    0.22720444
    0.03811842
    0.07549360
   -0.02380140
    0.07403389
   -0.11877927
    0.05885672
    0.03324880
    0.04642301
   -0.05814750
    0.02999050
    0.04002049
   -0.10714807
    0.03410171
    0.04394844
    0.04588990
    0.20691283
   -0.37360871
    0.19713460
    0.05707693
    0.18238337
    0.06282482
    0.18326102
    0.03892102
    0.16368166
    0.05081253
    0.17209584
    0.07844210
    0.17833672
    0.05758475
    0.17392725
    0.05988526
    0.17419338
    0.07353071
