           1           2  0.95801975249065185     
           1           3   1.0333891619299878     
           3           4  0.94356813877191681     
           3           5  0.92680280964657091     
           5           6  0.95768057791470107     
           5           7  0.97057993265018427     
           5           8   1.0051456416734232     
           8           9   1.4083887556988699     
           9          10  0.96775865357387691     
           9          11   1.4410550211009188     
          11          12  0.96880104776095177     
          11          13   1.3760252377481947     
          13          14   1.0496813315085944     
          14          15  0.80778210293677144     
           9          16  0.11103652081909043     
          13          16   1.3684685930881098     
          16          17  0.97070163863835368     
           8          18   1.4067814464510531     
          11          18  0.10617715340490731     
          16          18   1.4473949364470544     
          18          19  0.96483152475562028     
           3          20  0.99008044102655479     
          20          21   1.8754891086145828     
          22          23  0.95836549381985570     
          22          24   1.0283912169937408     
          24          25  0.95203894857673410     
          24          26  0.95267270042857355     
          26          27  0.96120896918926746     
          26          28  0.96823991890706851     
          26          29   1.0099865310050942     
          29          30   1.4209948241658072     
          30          31  0.96679725444883191     
          30          32   1.4330979032484854     
          32          33  0.97006734140964590     
          29          34  0.10615888175918414     
          32          34   1.4400559710286678     
          34          35  0.97024855835732615     
          30          36  0.10906831676698031     
          34          36   1.4390170968754041     
          36          37  0.97211285561442740     
          29          38   1.4030757134753260     
          32          38  0.11668502672905909     
          36          38   1.4436927869197556     
          38          39  0.96865485402091855     
          24          40  0.93904822752264727     
          40          41   1.6168816416080563     
          40          42   1.2930266819874150     
          41          42  0.18587976205058404     
          42          43  0.90643165888706700     
          42          44  0.98705119739851810     
          44          45  0.94724049579320080     
          44          46  0.94511716343534835     
          46          47  0.97467121280351687     
          46          48  0.95341709357138382     
          46          49  0.93971074470194127     
          49          50   1.5071892684384740     
          49          51   1.4556327409236760     
          50          51  0.21307766327097122     
          44          52  0.98941856555866836     
          52          53   1.8722827808914455     
          54          55  0.95499372494591639     
          54          56   1.0196802679123431     
          56          57  0.96308163436122995     
          56          58  0.95262276294786385     
          58          59  0.97100673168359308     
          58          60  0.95674636786101119     
          58          61   1.0055824883835687     
          61          62   1.4084627865476749     
          62          63  0.96642347950589846     
          62          64   1.4489978853808316     
          64          65  0.97097008446750088     
          61          66  0.11083529989598956     
          64          66   1.4298236330101510     
          66          67  0.97270773068087901     
          62          68  0.10764041039343702     
          66          68   1.4410995695848079     
          68          69  0.97175405272451854     
          61          70   1.4108592809182265     
          64          70  0.11275698447892020     
          68          70   1.4434797728549538     
          70          71  0.96810693919410407     
          56          72  0.96478514446113772     
          72          73   1.9003719365754967     
          74          75  0.95083129258052357     
          74          76   1.0296824570315686     
          76          77  0.94252616039877268     
          76          78  0.91934646447463597     
          78          79  0.96036016918657752     
          78          80  0.97149620176593132     
          78          81   1.0144559778359028     
          81          82   1.4116409880922951     
          82          83  0.96729295257345171     
          82          84   1.4416730416948460     
          84          85  0.96963464364527963     
          81          86  0.11225248565759324     
          84          86   1.4367768478753931     
          86          87  0.97156885934946724     
          82          88  0.10849333812193755     
          86          88   1.4302372830868701     
          88          89  0.97153861597066016     
          81          90   1.4014942769174668     
          84          90  0.10990716378605021     
          88          90   1.4540171058079514     
          90          91  0.96955802468205921     
          76          92  0.99964822532855291     
          92          93   1.8660959067031957     
          94          95  0.95552904839696340     
          94          96   1.0120742949986308     
          96          97  0.95543789769057530     
          96          98  0.97892037299220525     
          98          99  0.97252918021952595     
          98         100  0.96915497418121277     
          98         101  0.99800452740118251     
         101         102  0.97328109220378067     
         101         103  0.97765026588087933     
         101         104  0.94055386606791092     
         104         105   1.4861974239332052     
         104         106   1.4854273934835369     
         105         106  0.21355690353143045     
          96         107  0.94555349999415395     
         107         108   1.6093335712477896     
         107         109   1.3001160888944587     
         108         109  0.18443370132446010     
         109         110  0.90530903506539218     
         109         111  0.99023455849512187     
         111         112  0.94235452613501813     
         111         113  0.95534028153759643     
         113         114  0.96210300445845909     
         113         115   1.0068422981374974     
         115         116  0.98607512260589081     
         115         117  0.98340660283182624     
         115         118  0.98057695548265966     
         113         119   1.0086953267639032     
         119         120  0.98048089192365606     
         119         121  0.98455794104320948     
         119         122  0.98012377826483621     
         111         123  0.94801281090852496     
         123         124   1.6107054092299746     
         123         125   1.3017300223141803     
         124         125  0.18575652508119520     
         125         126  0.91911263667262288     
         125         127  0.97940543271139779     
         127         128  0.94144297498518970     
         127         129  0.94269154968625601     
         129         130  0.95915054507318986     
         129         131   1.0047073583020634     
         131         132  0.98143132019131740     
         131         133  0.97205915659590147     
         131         134  0.97621134993877379     
         129         135  0.99829885043802180     
         135         136  0.97345035579210804     
         135         137  0.97414161737275040     
         135         138   1.0111024615618087     
         138         139  0.98606796189493773     
         138         140  0.98711860104625482     
         138         141  0.99009528640463151     
         127         142  0.98171144892486084     
         142         143   1.8855684430934916     
         144         145  0.95741350988532359     
         144         146   1.0374510246530717     
         146         147  0.92207500491478367     
         146         148  0.95249691317186536     
         148         149  0.96262685158096184     
         148         150  0.97166940500753185     
         148         151   1.0073841016560685     
         151         152   1.4012359275069406     
         152         153  0.96861889673011414     
         152         154   1.4567101879427751     
         154         155  0.96799822666822122     
         154         156   1.3562747696100825     
         156         157   1.0714485320624823     
         157         158  0.85461426246946637     
         152         159  0.10817445040417219     
         156         159   1.3711047672725507     
         159         160  0.96934437905680693     
         151         161   1.4127538166183673     
         154         161  0.10552537988250742     
         159         161   1.4455876550923299     
         161         162  0.96734800456566206     
         146         163  0.97662113364182301     
         163         164   1.8711341527858760     
         165         166  0.92219431654573358     
         165         167   1.0105986656335928     
         167         168  0.96193068553424910     
         167         169  0.94794101504418848     
         169         170  0.96387115929985168     
         169         171  0.96511286346973646     
         169         172   1.0097850034706488     
         172         173   1.2500230983159648     
         173         174   1.5441144705450187     
         174         175  0.96418909177138901     
         173         176  0.10891874361076927     
         174         176   1.2810983534676397     
         176         177  0.92055717977504858     
         172         178   1.5797047861954212     
         174         178  0.11142573144457674     
         176         178   1.1997477131802361     
         178         179  0.95930065048513702     
         167         180  0.98190044913116870     
         180         181   1.8808352100892376     
         182         183  0.94866743261395836     
         182         184   1.0193473644089230     
         184         185  0.96012507881981923     
         184         186  0.95266367614020320     
         186         187  0.96350112515273256     
         186         188   1.0108468903638657     
         188         189  0.97284955084580282     
         188         190  0.98048541668817291     
         188         191  0.97661465962738381     
         186         192  0.99415649782869830     
         192         193  0.97627547620577748     
         192         194  0.97591870003852199     
         192         195   1.0161133021631481     
         195         196  0.98572972673977188     
         195         197  0.97767786275601609     
         195         198  0.98446021537666839     
         184         199  0.94580069015360912     
         199         200   1.6046772426670186     
         199         201   1.3166576701509454     
         200         201  0.18962004557562886     
         201         202  0.89511431228708704     
         201         203  0.97012169545410465     
         203         204  0.95419400347284655     
         203         205  0.96349212172438792     
         205         206  0.95190802551300990     
         205         207   1.0040276078154700     
         207         208  0.97839748313387620     
         207         209  0.98324717195405276     
         207         210  0.98565433412543491     
         205         211  0.99410396468848639     
         211         212  0.96977311734189386     
         211         213  0.97510813163891552     
         211         214   1.0186657092462821     
         214         215  0.98602953470184151     
         214         216  0.98276963707362697     
         214         217  0.98166746443095931     
         203         218  0.96459133975437761     
         218         219   1.8685375621268530     
           1         220  0.94612148534283802     
          20         221  0.93595430286725700     
          22         222  0.95232266901405949     
          52         223  0.94104231028622332     
          54         224  0.95098662980625481     
          72         225  0.93856429060582780     
          74         226  0.95724734440247228     
          92         227  0.94140956532136355     
          94         228  0.95286935345799195     
         142         229  0.93581156669274712     
         144         230  0.95359622990146931     
         163         231  0.93411249877628977     
         165         232  0.95397973029215433     
         180         233  0.94133502120537016     
         182         234  0.95378860138075472     
         218         235  0.93837267108279021     
