           1           2   1.1358099716165253     
           2           3   1.3165817721949011     
           3           5   1.0699553823155579     
           5           6  0.95468955541918976     
           6           7   1.3841924497887526     
           7           8   1.4399530421949440     
           8           9   1.4298780576457966     
           7          10  0.10034554948861399     
           9          10   1.4233917122609874     
           6          11   1.3969005634345137     
           8          11  0.10839599909019838     
          10          11   1.4384400258461030     
           4          12  0.93211506928200993     
          12          13  0.18795961153325183     
           3          14   1.0287784433875602     
          12          14   1.1430184337535685     
          13          14   1.6613955885621066     
           4          15   1.0118561415848233     
           1          17   1.7461879250197418     
           2          17  0.10577832032549457     
          16          18   1.0044211053519954     
          18          19  0.98962025273533694     
          19          20  0.99956584380827740     
           1          21  0.93266731545792692     
          20          21  0.98375322004876342     
          16          22  0.97836194542330257     
          21          22  0.98087392409477903     
          22          23  0.88961195092013146     
          23          24  0.72464733399451231     
          24          25   1.3927575941104167     
          25          26   1.4593841906680272     
          26          27   1.3841749787782036     
          25          28  0.10243268873875346     
          27          28   1.4094526068979070     
          24          29   1.4132930355532760     
          26          29  0.10584357807520302     
          28          29   1.4314266122716186     
          23          30   1.5497194165877406     
          23          31   1.5471184001246308     
          27          32   1.0320239986333728     
           2          33  0.82507020020792554     
           4          34  0.95521104375587085     
           4          35  0.95580004243088890     
           5          36  0.93685236011282857     
           5          37  0.89969612005885025     
           7          38  0.96622464481449200     
           8          39  0.96794560681678821     
           9          40  0.96800214006262697     
          10          41  0.96840252922577696     
          11          42  0.96669337398523891     
          15          43  0.97933865688274802     
          15          44  0.98138054291868915     
          15          45  0.98400364404707941     
          16          46  0.96278744630967961     
          16          47  0.95648408410397945     
          18          48  0.95226433869965099     
          18          49  0.95681465306924773     
          20          50  0.94785013622463432     
          20          51  0.95561521016954609     
          21          52  0.92901522470732234     
          25          53  0.96062573201394041     
          26          54  0.96035027938577722     
          28          55  0.96149360907939918     
          29          56  0.96577192408516399     
          32          57  0.97746490085934390     
          32          58  0.95294752241888425     
          32          59  0.97213955510398298     
