    0.27178045
   -0.12736783
    0.03570183
    0.07863143
   -0.07451113
    0.01924014
   -0.04311759
   -0.04122477
   -0.04353447
   -0.03302718
   -0.03837897
   -0.28647652
   -0.49011541
    0.33498158
   -0.12755989
    0.00601881
   -0.43726409
   -0.02383388
   -0.17085396
   -0.03290864
    0.03126436
   -0.31391123
    1.17728838
   -0.09558465
   -0.02527990
   -0.03287932
    0.03917217
   -0.02794194
   -0.02297744
   -0.63032231
   -0.67210821
   -0.13706320
    0.23431194
    0.05178691
    0.07261732
    0.08840497
    0.11092334
    0.05019105
    0.05493628
    0.05480371
    0.02905832
    0.02847542
    0.06876154
    0.06411194
    0.05962423
    0.06922099
    0.05773700
    0.03972721
    0.09382073
    0.06142341
    0.08350280
    0.08799184
    0.03742783
    0.08238619
    0.09412232
    0.06746086
    0.07279804
    0.07169059
    0.09342464
   -0.33523602
    0.18832800
    0.03757334
    0.08399881
   -0.07997071
    0.07996121
    0.06142552
    0.00116534
   -0.04597278
    0.03110112
   -0.06904169
    0.01659030
    0.14094450
   -0.42933209
    0.32793791
   -0.06819207
    0.06574392
   -0.04294618
    0.05742741
    0.20795222
   -0.38218153
   -0.34971908
    0.16679943
    0.03693916
    0.08407230
   -0.07695747
    0.08029930
    0.06230445
    0.00741920
   -0.04787053
    0.05459710
   -0.03767904
    0.04788609
   -0.03684918
    0.03177487
   -0.03361813
    0.01667132
   -0.03868771
    0.01866572
    0.27103324
   -0.51055198
   -0.16243237
    0.20574669
    0.04229832
    0.11037824
   -0.08574641
    0.03004709
    0.06052313
    0.36439707
   -0.62555820
   -0.58783622
    0.20526786
   -0.37405048
   -0.35237730
    0.18702549
    0.03827971
    0.09210231
   -0.06983852
    0.06658630
    0.06041656
   -0.08155208
    0.06735072
    0.06425829
   -0.02526714
    0.08901170
    0.09050504
   -0.14142906
    0.22905177
    0.24010242
   -0.27368058
    0.24275729
    0.25810217
   -0.24880192
    0.23851074
    0.22473529
    0.19441442
   -0.40398050
   -0.34517609
    0.18965354
    0.04037203
    0.06268673
   -0.07710780
    0.06651568
    0.08488857
    0.01241541
   -0.04342101
    0.03623003
   -0.03406848
    0.02688554
   -0.03567708
    0.02374234
   -0.03803306
    0.03892625
   -0.04463283
    0.05066314
    0.20749977
   -0.37033140
   -0.35693495
    0.16691066
    0.02891714
    0.07058076
   -0.05039252
    0.03851777
    0.03886664
   -0.08240220
    0.02166727
    0.03308492
    0.36782078
   -0.64787212
   -0.65393121
    0.26415710
   -0.52966591
   -0.16939048
    0.20905433
    0.02523523
    0.06776069
   -0.01441632
    0.05499189
   -0.11124329
    0.04661532
    0.01634161
    0.06540999
   -0.11154266
    0.05928934
    0.03838598
    0.03852695
    0.27268611
   -0.50998308
   -0.15911130
    0.21566174
    0.03090003
    0.09169301
   -0.01681128
    0.05902670
   -0.12094354
    0.07228349
    0.04922269
    0.05245369
   -0.06555227
    0.04293909
    0.04219263
   -0.11839993
    0.04654585
    0.04652224
    0.04268629
    0.20402842
   -0.37838869
   -0.35454553
    0.18022015
    0.03312676
    0.09961336
   -0.07463892
    0.08012500
    0.06091439
    0.00861748
   -0.04399306
    0.05029416
   -0.05836107
    0.02174833
    0.13463689
   -0.44653138
    0.32686198
   -0.07694769
    0.05124881
   -0.04739624
    0.06314522
    0.19971414
   -0.39057025
   -0.33611579
    0.18521671
    0.04796206
    0.05475797
   -0.07364337
    0.07465766
    0.06477583
    0.04153695
   -0.30653991
    0.07995647
    0.05449359
   -0.11184871
    0.23131376
   -0.02661287
    0.03680810
    0.20569557
   -0.35804720
   -0.33090101
    0.19759773
    0.02651892
    0.07023718
   -0.02951752
    0.05851700
   -0.11854893
    0.05018189
    0.05080264
    0.02358912
   -0.06281967
    0.01919186
    0.04991069
   -0.12134263
    0.04301432
    0.04294859
    0.04665306
    0.27161308
   -0.51666894
   -0.16212824
    0.23802902
    0.02806138
    0.08319600
   -0.01781013
    0.06886758
   -0.11871297
    0.04642295
    0.04980705
    0.05376853
   -0.05792590
    0.03589651
    0.03832461
   -0.09944511
    0.03842666
    0.03119837
    0.01527325
    0.20662625
   -0.36437504
    0.21314041
    0.05910587
    0.19588955
    0.07217105
    0.19011931
    0.06133564
    0.21788512
    0.04600468
    0.19406101
    0.07732785
    0.19349976
    0.07299499
    0.19607268
    0.08264659
    0.19905009
    0.07684055
