    0.26138045
   -0.12262297
    0.03112979
    0.08299531
   -0.07043134
    0.01479799
   -0.04254275
   -0.03807929
   -0.03328809
   -0.02415182
   -0.03248303
   -0.28090814
   -0.49719402
    0.33449971
   -0.12593781
    0.01529187
   -0.46883470
   -0.03430782
   -0.17683031
   -0.04371249
    0.02713813
   -0.30069129
    1.14969072
   -0.08255420
   -0.01902800
   -0.02941997
    0.03753936
   -0.04599378
   -0.03906388
   -0.65744540
   -0.62458406
   -0.13445869
    0.24551947
    0.04915178
    0.06006804
    0.09607164
    0.09408802
    0.04526824
    0.06302663
    0.03815850
    0.02687843
    0.01549106
    0.07271150
    0.07035832
    0.05489945
    0.03007950
    0.06801272
    0.09841526
    0.08536607
    0.10800409
    0.08316127
    0.09038467
    0.08029073
    0.08747657
    0.08149571
    0.05435239
    0.08355721
    0.06921592
    0.07038934
   -0.32760143
    0.18471092
    0.03910539
    0.09046272
   -0.07561614
    0.07893889
    0.06065553
    0.01482149
   -0.04281244
    0.05263621
   -0.03866209
    0.03704480
   -0.03923798
    0.03382715
   -0.03602684
    0.03425334
   -0.04359060
    0.03923001
    0.20890434
   -0.37577873
   -0.34560635
    0.18993515
    0.03011620
    0.07432900
   -0.05817996
    0.05611708
    0.05473776
   -0.10299255
    0.07693375
    0.06965283
    0.29181704
   -0.53689356
   -0.29451825
    0.24327275
    0.24557290
    0.26725899
   -0.51844991
   -0.17885606
    0.21675966
    0.02630589
    0.07793442
   -0.05512168
    0.06646587
    0.05641460
   -0.08629198
    0.03578410
    0.04439287
    0.36635712
   -0.63587624
   -0.64288645
    0.27649909
   -0.51278159
   -0.16511974
    0.19642364
    0.02818857
    0.06827147
   -0.01435127
    0.05432734
   -0.11015013
    0.05701690
    0.05334902
    0.02279770
   -0.11777446
    0.05639435
    0.04082836
    0.04785008
    0.27019596
   -0.51847052
   -0.14133630
    0.21685682
    0.03869510
    0.08260744
   -0.02682706
    0.07743227
   -0.12108699
    0.03960811
    0.06199453
    0.04980561
   -0.06775238
    0.04326887
    0.04397507
   -0.12243050
    0.05363593
    0.04031073
    0.04982236
    0.20502857
   -0.37909481
   -0.33014898
    0.19402186
    0.03691927
    0.09626777
   -0.07525976
    0.07329800
    0.06715369
    0.00464670
   -0.04487608
    0.04374553
   -0.07269932
    0.04421664
    0.14476727
   -0.42615517
    0.32388789
   -0.06002727
    0.05876043
   -0.04565505
    0.06726764
    0.20070500
   -0.38487649
   -0.30642254
    0.20057517
    0.04568310
    0.06418149
   -0.07811664
    0.08140148
    0.07970743
    0.04534812
   -0.33872640
    0.08765853
    0.03473903
   -0.09825607
    0.22149882
   -0.04082428
    0.06987728
    0.20249208
   -0.35390385
   -0.32474771
    0.19315737
    0.02589393
    0.06300673
   -0.02880847
    0.05656714
   -0.12928855
    0.05200912
    0.06035166
    0.05073066
   -0.06331843
    0.02809391
    0.05189963
   -0.11696273
    0.04455169
    0.04273896
    0.04222125
    0.27109343
   -0.52020619
   -0.15834512
    0.23608851
    0.03277802
    0.07689171
   -0.02750926
    0.07237300
   -0.12059494
    0.06452151
    0.03180120
    0.05136538
   -0.07392327
    0.03509351
    0.04831162
   -0.11615280
    0.04583731
    0.04432059
    0.04696037
    0.20439463
   -0.36417496
    0.21199829
    0.06132634
    0.19018913
    0.08015869
    0.19892803
    0.07858332
    0.20779636
    0.07103213
    0.20701099
    0.07153434
