    0.26840342
   -0.11918749
    0.03062884
    0.07382028
   -0.07159972
    0.02031419
   -0.04103606
   -0.03626809
   -0.03590906
   -0.02441272
   -0.03480634
   -0.27584045
   -0.49410033
    0.33925153
   -0.10565029
    0.01080463
   -0.44515247
   -0.02765110
   -0.17732538
   -0.02993950
    0.02163116
   -0.28314889
    1.14593415
   -0.08709422
   -0.02205241
   -0.02809976
    0.03488663
   -0.03753632
   -0.03068784
   -0.64056185
   -0.62026475
   -0.11159664
    0.23548056
    0.05216716
    0.08728133
    0.08308109
    0.09213542
    0.04811905
    0.05223170
    0.04507113
    0.03030367
    0.02667895
    0.04577456
    0.03814207
    0.05614698
    0.05452580
    0.06603736
    0.07790038
    0.08058141
    0.08592574
    0.08391006
    0.09471280
    0.06466541
    0.04957427
    0.08070395
    0.06514640
    0.06032122
    0.05071530
    0.07080369
   -0.33939714
    0.17744473
    0.02883507
    0.08007803
   -0.07697343
    0.07092769
    0.05991450
    0.00933060
   -0.04755583
    0.06148352
   -0.03907708
    0.04819732
   -0.03969414
    0.03155343
   -0.03526593
    0.02342818
   -0.03692769
    0.02862020
    0.27169658
   -0.51457289
   -0.16704784
    0.21535692
    0.04540823
    0.08745700
   -0.08182600
    0.04892667
    0.06905887
    0.36192913
   -0.63566179
   -0.63675792
    0.21218316
   -0.36487961
   -0.34533615
    0.19665760
    0.02451989
    0.07753912
   -0.06133528
    0.06440416
    0.05975137
   -0.09222873
    0.06384176
    0.06722741
    0.28601587
   -0.54005740
   -0.30181806
    0.24263033
    0.24927824
    0.26788735
   -0.51542123
   -0.17123445
    0.22388659
    0.03561037
    0.08910466
   -0.05707116
    0.04612671
    0.06502904
   -0.09292503
    0.05096851
    0.04163947
    0.36746759
   -0.65036700
   -0.63908362
    0.20308505
   -0.36994908
   -0.33618605
    0.18961790
    0.04127675
    0.09424945
   -0.07579076
    0.08228212
    0.06927763
    0.01033259
   -0.04224961
    0.04686030
   -0.05893064
    0.03197069
    0.14000137
   -0.45224601
    0.34421680
   -0.07140877
    0.04493893
   -0.04208804
    0.06341257
    0.19852563
   -0.39192194
   -0.31393841
    0.20292252
    0.04537748
    0.06689826
   -0.06962105
    0.05983743
    0.06198537
    0.04424195
   -0.31847687
    0.07875107
    0.06047690
   -0.10357708
    0.22275029
   -0.03046265
    0.05640961
    0.20913242
   -0.35564613
   -0.31108395
    0.19132576
    0.02791906
    0.08923110
   -0.02358113
    0.05820433
   -0.11424375
    0.06614502
    0.02033578
    0.04000828
   -0.05963133
    0.01861761
    0.04024390
   -0.10527895
    0.03685833
    0.03749481
    0.03538465
    0.27338551
   -0.51625940
   -0.15296809
    0.23693005
    0.03127329
    0.07945584
   -0.01933157
    0.06131909
   -0.12091310
    0.04402462
    0.05975373
    0.04456385
   -0.05523837
    0.02266704
    0.03976882
   -0.10380884
    0.02175284
    0.04080061
    0.03529089
    0.20081146
   -0.35265309
    0.22234425
    0.06866353
    0.17221985
    0.09648540
    0.20199350
    0.07836679
    0.21161990
    0.07795000
    0.21604910
    0.08660386
