    0.26723154
   -0.11354004
    0.03584153
    0.08464718
   -0.07330229
    0.01769493
   -0.04421363
   -0.03666775
   -0.03173817
   -0.02410258
   -0.03413698
   -0.28536363
   -0.49117010
    0.33758096
   -0.12831487
    0.01773937
   -0.46121462
   -0.02653523
   -0.15906121
   -0.03832506
    0.03534585
   -0.30397508
    1.16365680
   -0.09095165
   -0.02558002
   -0.02318971
    0.04054509
   -0.04197528
   -0.03367335
   -0.67242889
   -0.62369640
   -0.13153555
    0.23611329
    0.04159558
    0.06211221
    0.09065701
    0.08593478
    0.04457274
    0.05376161
    0.04037099
    0.01854927
    0.02751388
    0.06136123
    0.07073792
    0.05705569
    0.03330587
    0.05107851
    0.07667259
    0.08147681
    0.10435728
    0.08344782
    0.09282111
    0.06639080
    0.07997837
    0.07997252
    0.05426052
    0.07064524
    0.07125093
    0.08484348
   -0.32568027
    0.18340586
    0.04247520
    0.08705199
   -0.07798804
    0.07693038
    0.06109868
   -0.00481996
   -0.04802612
    0.04227147
   -0.06905159
    0.03263925
    0.14144908
   -0.43157079
    0.33775507
   -0.06556389
    0.05028661
   -0.04549251
    0.05994791
    0.20737475
   -0.37803771
   -0.33773114
    0.17822669
    0.03933157
    0.07854026
   -0.07622629
    0.06416478
    0.05240575
    0.00913646
   -0.04117736
    0.04001577
   -0.03703928
    0.04236024
   -0.03875544
    0.03882563
   -0.03691299
    0.03326491
   -0.04471107
    0.02783154
    0.26825006
   -0.50816107
   -0.14612225
    0.20975216
    0.03366395
    0.09933235
   -0.08439149
    0.04550472
    0.07470702
    0.35397165
   -0.60196669
   -0.59809272
    0.20724168
   -0.35137405
   -0.34656541
    0.18669909
    0.03754502
    0.10256456
   -0.07316337
    0.05857226
    0.06827435
   -0.08176721
    0.06719368
    0.05930132
   -0.02288994
    0.07794000
    0.08027305
   -0.15465218
    0.23068301
    0.23839005
   -0.27005693
    0.24203115
    0.25792806
   -0.27629509
    0.23682925
    0.23857323
    0.20172522
   -0.39386173
   -0.36298373
    0.18083310
    0.02760836
    0.07242626
   -0.06075595
    0.05296302
    0.04867917
   -0.10240389
    0.08548404
    0.07375713
    0.28664002
   -0.54179515
   -0.30076056
    0.23818792
    0.25640108
    0.26965704
   -0.50580375
   -0.17652264
    0.21631091
    0.02780870
    0.08992967
   -0.05526555
    0.06460015
    0.04587366
   -0.08738502
    0.02581536
    0.03797147
    0.36462969
   -0.64812998
   -0.65492921
    0.27577524
   -0.51584290
   -0.15842258
    0.19235052
    0.01832032
    0.08095879
   -0.01383942
    0.05839588
   -0.11592268
    0.06509955
    0.04206030
    0.03376794
   -0.11450206
    0.03650675
    0.04098150
    0.05597135
    0.27386551
   -0.50850932
   -0.15397958
    0.21790651
    0.03612011
    0.08695660
   -0.01725325
    0.06991223
   -0.12227200
    0.04313042
    0.03577811
    0.07378732
   -0.06548685
    0.03333893
    0.03609416
   -0.11958388
    0.05171159
    0.05170208
    0.05344510
    0.21104857
   -0.38836150
   -0.34198387
    0.18625360
    0.04284921
    0.08955004
   -0.07141415
    0.07570018
    0.06332757
    0.00985285
   -0.04180484
    0.04164189
   -0.07099082
    0.04164662
    0.13076675
   -0.46412208
    0.35324947
   -0.05835317
    0.05014272
   -0.04446170
    0.06104989
    0.19594376
   -0.38788399
   -0.32205353
    0.20106674
    0.04525896
    0.05771165
   -0.06721474
    0.05932023
    0.06970184
    0.04535578
   -0.33358726
    0.07995230
    0.04953775
   -0.10318445
    0.23653875
   -0.02782220
    0.04919670
    0.20229301
   -0.34912688
   -0.33983576
    0.17696293
    0.02732122
    0.07091060
   -0.02150715
    0.05617995
   -0.11397811
    0.04588707
    0.04059754
    0.04082021
   -0.05920290
    0.03307478
    0.04551259
   -0.11494653
    0.04381404
    0.03041997
    0.04445197
    0.26732397
   -0.51846790
   -0.16148712
    0.22128876
    0.03430155
    0.07328792
   -0.02134633
    0.07257501
   -0.11760421
    0.05151630
    0.06577992
    0.03063780
   -0.05528425
    0.03708096
    0.04296941
   -0.11174649
    0.04702907
    0.03469140
    0.02628966
    0.20421612
   -0.36008387
    0.20230460
    0.06473987
    0.20606864
    0.07182270
    0.19555406
    0.06988534
    0.17076499
    0.07547630
    0.19421607
    0.08071283
    0.19432290
    0.07072378
    0.19350062
    0.07468058
