           1           2   1.1350814567264211     
           2           3   1.2804827504134824     
           3           5   1.0896531852160996     
           5           6  0.95465257482787758     
           6           7   1.4077461137479601     
           7           8   1.4398733518236670     
           8           9   1.4210217015537465     
           7          10  0.10568495274744449     
           9          10   1.4328405823788111     
           6          11   1.3869951054962510     
           8          11  0.10582282058722119     
          10          11   1.4420199138704151     
           4          12  0.92224242461033834     
          12          13  0.19158921778085192     
           3          14   1.0168101944392747     
          12          14   1.1494438482254827     
          13          14   1.6748208110846992     
           4          15   1.0154217495049251     
           1          17   1.7456927285502428     
           2          17  0.11861252993957302     
          16          18  0.98876826703502207     
          18          19  0.99262374045762913     
          19          20  0.99646771772899456     
           1          21  0.94018749880487951     
          20          21  0.98265205461590632     
          16          22  0.98515833583719337     
          21          22  0.99265004791295419     
          22          23  0.87441646498641556     
          23          24  0.73592044244701804     
          24          25   1.4018466292498812     
          25          26   1.4457215685640017     
          26          27   1.4016810297025484     
          25          28  0.10268120123909197     
          27          28   1.3960357612140395     
          24          29   1.3959432742172040     
          26          29  0.10372135340716104     
          28          29   1.4527886863704302     
          23          30   1.5627076665313577     
          23          31   1.5347090433816595     
          30          31  0.10545001673291050     
          27          32   1.0298627857819527     
           2          33  0.84955503095577989     
           4          34  0.95958384902301130     
           4          35  0.96008399944235512     
           5          36  0.93647787225875057     
           5          37  0.87238894099458153     
           7          38  0.96350748780592765     
           8          39  0.96676858324062709     
           9          40  0.96732084514072070     
          10          41  0.96493280409074500     
          11          42  0.96756867166876548     
          15          43  0.98383552169325539     
          15          44  0.98020742465876787     
          15          45  0.98068757182362543     
          16          46  0.95493117469527711     
          16          47  0.95375602230134648     
          18          48  0.95700314996129299     
          18          49  0.95735256096065502     
          20          50  0.95465490351363314     
          20          51  0.94545269135067334     
          21          52  0.90648680087637334     
          25          53  0.95978497826937037     
          26          54  0.96099037989869895     
          28          55  0.96160970462545137     
          29          56  0.96141513949764323     
          32          57  0.97963672886920272     
          32          58  0.97296617622838433     
          32          59  0.95807566201682848     
