    0.25882758
   -0.11781394
    0.03317985
    0.07743537
   -0.06655288
    0.01696583
   -0.04518175
   -0.03640399
   -0.03309883
   -0.03209904
   -0.04253316
   -0.28252129
   -0.49464550
    0.33186866
   -0.13108827
    0.01275567
   -0.46760805
   -0.03224805
   -0.17553533
   -0.04003156
    0.02741422
   -0.28854696
    1.14577631
   -0.08636044
   -0.03181277
   -0.03836347
    0.03792691
   -0.03302424
   -0.02804205
   -0.68668664
   -0.65758427
   -0.13292111
    0.24000580
    0.06694941
    0.05473160
    0.08669310
    0.08258552
    0.05139410
    0.05175766
    0.05074108
    0.04521478
    0.03831297
    0.06068802
    0.07064219
    0.07451792
    0.03997135
    0.07058744
    0.08559422
    0.09612571
    0.09954258
    0.08798453
    0.09395457
    0.07203792
    0.09516998
    0.08224286
    0.05630834
    0.09262859
    0.07503547
    0.07807876
   -0.33049451
    0.18863470
    0.03993047
    0.09485250
   -0.07727776
    0.07208950
    0.06886201
    0.00924731
   -0.04348803
    0.04368924
   -0.03807284
    0.04017697
   -0.04092655
    0.03892297
   -0.03764503
    0.04831038
   -0.03948420
    0.03130323
    0.21104001
   -0.37457417
   -0.32745141
    0.18597154
    0.03736113
    0.08868178
   -0.07493640
    0.05594989
    0.08249934
    0.00777295
   -0.04256026
    0.03602781
   -0.03227764
    0.04110922
   -0.03771575
    0.03271473
   -0.03922049
    0.04484453
   -0.04500809
    0.04991595
    0.21010440
   -0.37234327
   -0.33994998
    0.18631789
    0.04234075
    0.09335890
   -0.06991362
    0.06384903
    0.06077501
   -0.00241511
   -0.04715826
    0.04942429
   -0.05960542
    0.04683689
    0.14300887
   -0.44732937
    0.36458733
   -0.07381189
    0.05581402
   -0.04250554
    0.04275624
    0.20285284
   -0.38519243
   -0.30727532
    0.18087047
    0.04975727
    0.06695668
   -0.07433647
    0.08850652
    0.07608512
    0.04628251
   -0.29978732
    0.08261808
    0.04031063
   -0.09276319
    0.19094453
   -0.02930576
    0.05647939
    0.21412925
   -0.35301355
   -0.32606454
    0.19275594
    0.02583449
    0.07034350
   -0.01797410
    0.05446564
   -0.11197092
    0.04744619
    0.04413276
    0.04269134
   -0.06001461
    0.03322867
    0.04158082
   -0.10937604
    0.04154623
    0.03005821
    0.04174482
    0.27132240
   -0.51184944
   -0.15398161
    0.23180807
    0.03177172
    0.07927201
   -0.01871926
    0.06342835
   -0.12378861
    0.07071636
    0.03823400
    0.03524954
   -0.05974700
    0.03300198
    0.03985001
   -0.11800927
    0.04804188
    0.05153018
    0.05019420
    0.20641100
   -0.36476788
    0.20817098
    0.07218483
    0.20039646
    0.06289075
    0.19464172
    0.08059642
    0.20198309
    0.06997953
    0.20818075
    0.07259965
