    0.26544105
   -0.12429822
    0.04069695
    0.07216154
   -0.07193691
    0.00963184
   -0.04370873
   -0.03653754
   -0.03866682
   -0.02198286
   -0.02965043
   -0.28503070
   -0.48426528
    0.34065900
   -0.11130857
    0.01289999
   -0.44298756
   -0.03309411
   -0.19386352
   -0.03844702
    0.03306092
   -0.29595358
    1.16238610
   -0.08698559
   -0.02828087
   -0.02647439
    0.03848149
   -0.03878068
   -0.02894589
   -0.65753378
   -0.63579523
   -0.12408373
    0.24252292
    0.06417264
    0.08501955
    0.08599618
    0.11056472
    0.04699377
    0.04921076
    0.05688737
    0.01782100
    0.02613126
    0.05480964
    0.05533340
    0.03764253
    0.03833120
    0.06318336
    0.08652605
    0.09644039
    0.09119487
    0.07977595
    0.08803710
    0.06375906
    0.06409953
    0.08896414
    0.06136515
    0.09103312
    0.04926618
    0.06824366
   -0.33621423
    0.17798949
    0.02764757
    0.08597681
   -0.07534564
    0.07841370
    0.05856028
    0.00762033
   -0.04308301
    0.04999940
   -0.04134209
    0.04728230
   -0.04027644
    0.03874118
   -0.03303740
    0.02941732
   -0.03582757
    0.01287454
    0.27402451
   -0.51481841
   -0.16048994
    0.21483662
    0.03836297
    0.09313656
   -0.08296843
    0.04475536
    0.06253734
    0.36514645
   -0.64883911
   -0.64031824
    0.21352820
   -0.35539136
   -0.34054004
    0.18933755
    0.02739640
    0.08129377
   -0.05794558
    0.06285946
    0.05336074
   -0.10089311
    0.06339802
    0.07591602
    0.29114818
   -0.53430093
   -0.29301626
    0.24015070
    0.24532277
    0.26831577
   -0.51094655
   -0.18321999
    0.21698503
    0.03100034
    0.06622559
   -0.05337636
    0.04829079
    0.05805650
   -0.09121657
    0.05265972
    0.04210061
    0.36807708
   -0.63841964
   -0.64628621
    0.27073459
   -0.51412705
   -0.15782882
    0.21228585
    0.02064669
    0.08087471
   -0.01831746
    0.06029547
   -0.11949984
    0.03442705
    0.06229109
    0.04123335
   -0.12228873
    0.03746484
    0.04506597
    0.07150588
    0.26686154
   -0.51884684
   -0.16310690
    0.20730462
    0.02725191
    0.09877336
   -0.01764705
    0.07067085
   -0.12545711
    0.06268928
    0.04265591
    0.06275533
   -0.06015328
    0.04291735
    0.04232231
   -0.11682809
    0.04705685
    0.04229739
    0.04961054
    0.21035705
   -0.37984967
   -0.33018347
    0.20242818
    0.03635117
    0.09432802
   -0.07238637
    0.07454231
    0.06416400
    0.00741785
   -0.04526598
    0.04430273
   -0.07061806
    0.02758184
    0.13907681
   -0.44121970
    0.32172530
   -0.05895541
    0.05450432
   -0.04654201
    0.07229857
    0.20156819
   -0.38064859
   -0.31036118
    0.21544853
    0.04240126
    0.07246800
   -0.07091193
    0.06983626
    0.07283682
    0.04323437
   -0.32306145
    0.08503938
    0.04650757
   -0.10552454
    0.22668089
   -0.03331549
    0.05877376
    0.20833022
   -0.35049346
   -0.32615710
    0.18694491
    0.02753742
    0.07294143
   -0.02142517
    0.05620597
   -0.11608437
    0.02959232
    0.04126848
    0.05912098
   -0.05713742
    0.04847040
    0.02850049
   -0.11374568
    0.03950173
    0.03913820
    0.03820578
    0.27462938
   -0.51681915
   -0.16305383
    0.23261586
    0.02224261
    0.07808699
   -0.02219253
    0.05616422
   -0.12885027
    0.06348008
    0.06314685
    0.04728429
   -0.05298438
    0.02737891
    0.03741613
   -0.11100437
    0.03327098
    0.02542071
    0.04899337
    0.20401864
   -0.34764611
    0.21341184
    0.06332158
    0.16923011
    0.07553822
    0.20604726
    0.07731081
    0.18949263
    0.06921618
    0.20466471
    0.08376703
