           1           2   1.1719847381724076     
           2           3   1.2046177194578900     
           3           5   1.0351618254114558     
           5           6  0.97134135585967440     
           6           7   1.4118779032276887     
           7           8   1.4410273348958738     
           6           9  0.10621526367844839     
           8           9   1.4348861340106589     
           7          10  0.11257955888581012     
           9          10   1.4409506362131614     
           6          11   1.4161485759302244     
           8          11  0.11316836858082323     
          10          11   1.4357689446348303     
           4          12  0.93747523309112857     
          12          13  0.14724426149402650     
           3          14   1.0893922036512265     
          12          14   1.0922315879346653     
          13          14   1.6059067505564979     
           4          15   1.0095037782691427     
           1          17   1.6794439084429877     
           2          17  0.12898590808701374     
          16          18   1.0014929630940672     
          18          19  0.99300503378550276     
          19          20  0.99081766481350741     
           1          21  0.94668036127380251     
          20          21  0.98970014800691430     
          16          22  0.98715294032739642     
          21          22  0.98227445706117000     
          22          23  0.87423426183308284     
          23          24  0.72627612390042040     
          24          25   1.4013470540695525     
          25          26   1.4472607241196540     
          26          27   1.3998519972219632     
          25          28  0.10823002271344805     
          27          28   1.4016794646932993     
          24          29   1.4167562121882658     
          26          29  0.10446489119908201     
          28          29   1.4350657126332520     
          23          30   1.5459242357943168     
          23          31   1.5473649410983759     
          27          32   1.0292624288503214     
           2          33  0.86207491806691927     
           4          34  0.96723277563563781     
           4          35  0.96734520825289350     
           5          36  0.95441502392923605     
           5          37  0.92670874268851089     
           7          38  0.96485309563723953     
           8          39  0.96887795824932299     
           9          40  0.96724589589908749     
          10          41  0.96780932945137133     
          11          42  0.96780876241514546     
          15          43  0.98284402983703012     
          15          44  0.98751801759068414     
          15          45  0.98250137528980230     
          16          46  0.96815313259573488     
          16          47  0.96152756236448278     
          18          48  0.96916995807534700     
          18          49  0.96545919136949787     
          20          50  0.96767623213747611     
          20          51  0.96091550617147004     
          21          52  0.92636052609948838     
          25          53  0.96450326766184791     
          26          54  0.96170228750128239     
          28          55  0.96016958645315020     
          29          56  0.96268668492216469     
          32          57  0.95215927807315470     
          32          58  0.97655493384075753     
          32          59  0.97390326884622858     
          60          61  0.94980508881039305     
          60          62   1.0328217699375197     
          62          63  0.95001895962182392     
          62          64  0.93828787665934821     
          64          65  0.96698290761061245     
          64          66  0.96060321750914379     
          64          67   1.0112776399530232     
          67          68   1.4071626654765048     
          68          69  0.96696608914693671     
          68          70   1.4464739537477460     
          70          71  0.97105035653529548     
          67          72  0.10649851957845866     
          70          72   1.4340458682963719     
          72          73  0.97305792867862484     
          68          74  0.11142373236313853     
          72          74   1.4365585478797824     
          74          75  0.97005434715022720     
          67          76   1.4128067971203480     
          70          76  0.11053278826969022     
          74          76   1.4401634181467713     
          76          77  0.96308342692677140     
          62          78  0.94116970945925593     
          78          79   1.6157754078153643     
          78          80   1.2979329119489946     
          79          80  0.19182587228350623     
          80          81  0.91489602928777825     
          80          82  0.99009852676451560     
          82          83  0.93810207227867382     
          82          84  0.95073377993457331     
          84          85  0.96721690026704832     
          84          86  0.95141176237064584     
          84          87  0.93392200648441315     
          87          88   1.4842007439373930     
          87          89   1.4922705880639942     
          88          89  0.21447911152807991     
          82          90  0.99017093003043366     
          90          91   1.8997048102443397     
          92          93  0.94971625519429148     
          92          94   1.0240431458802803     
          94          95  0.92954733267731271     
          94          96  0.98399040549364092     
          96          97  0.96843026960648482     
          96          98  0.97298718474985502     
          96          99  0.99091273132783797     
          99         100  0.96824539168480572     
          99         101  0.95889351723278615     
          99         102  0.97352994870832976     
         102         103   1.6255968896891337     
         102         104   1.3142513947332013     
         103         104  0.19533808203980774     
         104         105  0.91754839916153530     
         104         106  0.91720568532682023     
          94         107  0.93081594299488335     
         107         108   1.6313660847839593     
         107         109   1.2798917243979360     
         108         109  0.18062276061440466     
         109         110  0.90877988215448857     
         109         111  0.98065202658786033     
         111         112  0.95387547435065079     
         111         113  0.97717799960487084     
         113         114  0.97172429419263362     
         113         115  0.96962375788825950     
         113         116   1.0000045641445479     
         116         117  0.97885075454935500     
         116         118  0.95551588669445453     
         116         119  0.92749263348184241     
         119         120   1.4852214632554666     
         119         121   1.4865635445079306     
         120         121  0.21107802361277322     
         111         122  0.93531742803961704     
         122         123   1.6159571450156918     
         122         124   1.3141080713560156     
         123         124  0.19488930423606135     
         124         125  0.91090985032470506     
         124         126  0.97841520798263715     
         126         127  0.93514780640462625     
         126         128  0.96412377268981542     
         128         129  0.96151816836660986     
         128         130   1.0043813963120984     
         130         131  0.98563823543126605     
         130         132  0.98493095284983245     
         130         133  0.98465051789555813     
         128         134   1.0072210020718979     
         134         135  0.97903175660617114     
         134         136  0.98355287382517864     
         134         137  0.98183509139775127     
         126         138  0.94866670292566257     
         138         139   1.6069775554046197     
         138         140   1.3121291286882297     
         139         140  0.19385068242397302     
         140         141  0.91773730511716078     
         140         142  0.97108117520575254     
         142         143  0.93752327990079010     
         142         144  0.93668125975704408     
         144         145  0.95597479242221928     
         144         146  0.99947761582267636     
         146         147  0.98099832556408251     
         146         148  0.98282714779388403     
         146         149  0.97851245119688834     
         144         150  0.99913316559905097     
         150         151  0.97341414902900980     
         150         152  0.97084474379182639     
         150         153   1.0153604454170511     
         153         154  0.98593988991335346     
         153         155  0.98544077903091920     
         153         156  0.98651455579439129     
         142         157  0.99000872070475543     
         157         158   1.8842137578900031     
         159         160  0.94266222896763097     
         159         161   1.0377370859538877     
         161         162  0.91915518797997553     
         161         163  0.95318097556045323     
         163         164  0.95558162631721510     
         163         165  0.96841892208056424     
         163         166   1.0090402813205372     
         166         167   1.3992337536580139     
         167         168  0.96865448930577325     
         167         169   1.4571249538141120     
         169         170  0.96707700607411196     
         169         171   1.3623712476754883     
         171         172   1.0540106531099003     
         172         173  0.86364191931438827     
         167         174  0.10588926855881300     
         171         174   1.3726886905367008     
         174         175  0.96689693365868390     
         166         176   1.4096182794519407     
         169         176  0.10798988196744544     
         174         176   1.4369754947652313     
         176         177  0.96451503965580376     
         161         178  0.97490219546875034     
         178         179   1.8857468170384994     
         180         181  0.90656032537265496     
         180         182   1.0218068246942524     
         182         183  0.95379354005751427     
         182         184  0.92819360354973079     
         184         185  0.96125668306781520     
         184         186  0.95692360622590433     
         184         187   1.0142284975413136     
         187         188   1.2556352108843933     
         188         189   1.5391168257625920     
         189         190  0.96423726501645346     
         188         191  0.10616600872987028     
         189         191   1.2853057867181714     
         191         192  0.91962047633504274     
         187         193   1.5634490764204703     
         189         193  0.11112547666141677     
         191         193   1.1987459401078677     
         193         194  0.96216411653748168     
         182         195  0.98450704054642768     
         195         196   1.8872575934721878     
         197         198  0.94195204031802926     
         197         199   1.0251504802578602     
         199         200  0.93685797486100020     
         199         201  0.94391419200735105     
         201         202  0.96195155961520062     
         201         203   1.0063959517779231     
         203         204  0.98041289032751344     
         203         205  0.98221524308589780     
         203         206  0.97967206344607616     
         201         207  0.99398460900796637     
         207         208  0.97339314842825786     
         207         209  0.97168050776560055     
         207         210   1.0175681228641291     
         210         211  0.98601254418841155     
         210         212  0.98308834017726987     
         210         213  0.98522926458663784     
         199         214  0.95248616298720068     
         214         215   1.6076718503232454     
         214         216   1.3063295952470788     
         215         216  0.18741835289577408     
         216         217  0.88795867325433742     
         216         218  0.96763398945401347     
         218         219  0.95904275729453248     
         218         220  0.95526791875898898     
         220         221  0.95367470851467195     
         220         222   1.0050742004823428     
         222         223  0.98158447721384379     
         222         224  0.97641582118865622     
         222         225  0.97926904634590195     
         220         226  0.99798619720602300     
         226         227  0.97197192172894264     
         226         228  0.97620874346083897     
         226         229   1.0115160817579019     
         229         230  0.98278262515139470     
         229         231  0.98431451165673889     
         229         232  0.98000882475115614     
         218         233  0.96863056262276137     
         233         234   1.9008335932955700     
          60         235  0.93999063767043256     
          90         236  0.93972232267382338     
          92         237  0.95702241812934019     
         157         238  0.93436359184195339     
         159         239  0.94346514273753823     
         178         240  0.93118651725764046     
         180         241  0.94794408800023711     
         195         242  0.93767869088097799     
         197         243  0.94280390246813739     
         233         244  0.93634172689262885     
