    0.26625955
   -0.12565492
    0.02296383
    0.07680484
   -0.07149883
    0.01614029
   -0.04438874
   -0.03885818
   -0.03680153
   -0.02781788
   -0.04340876
   -0.29029147
   -0.50883696
    0.33137220
   -0.12195111
    0.01996784
   -0.46989916
   -0.02609206
   -0.17256564
   -0.03354532
    0.02422305
   -0.28249072
    1.14269674
   -0.09053664
   -0.03257900
   -0.03688747
    0.03758943
   -0.03319108
   -0.02486825
   -0.66884550
   -0.64391222
   -0.12653569
    0.22659519
    0.07081916
    0.04789640
    0.08661308
    0.08810209
    0.04829541
    0.06216232
    0.04954711
    0.02329154
    0.01318617
    0.07030215
    0.07132732
    0.04735720
    0.02894779
    0.06298478
    0.08704534
    0.07575297
    0.09384102
    0.08164159
    0.09642639
    0.05500357
    0.10294758
    0.08342641
    0.04513713
    0.08737956
    0.06933568
    0.05995578
   -0.32869719
    0.18012264
    0.02690973
    0.07641122
   -0.07470702
    0.07805687
    0.05519283
    0.00702355
   -0.04505031
    0.05341841
   -0.03539769
    0.04439013
   -0.03641440
    0.03739642
   -0.03763199
    0.04217332
   -0.03781610
    0.01436466
    0.27738193
   -0.50417915
   -0.16161705
    0.22663511
    0.03983425
    0.08492473
   -0.08083664
    0.04516119
    0.06097332
    0.36623543
   -0.63162081
   -0.64933973
    0.21081983
   -0.36428190
   -0.33275326
    0.18770289
    0.03297176
    0.09689169
   -0.07649355
    0.05741262
    0.07649391
    0.01120898
   -0.04311751
    0.04182387
   -0.04074548
    0.04669697
   -0.03605101
    0.02957359
   -0.03373483
    0.02635192
   -0.04453915
    0.04331766
    0.20904521
   -0.37332032
   -0.35349617
    0.18010398
    0.02569721
    0.06684891
   -0.04629142
    0.02564091
    0.04032491
   -0.09415466
    0.06284109
    0.04311767
    0.36737912
   -0.64543761
   -0.65021749
    0.26100910
   -0.52108918
   -0.14401732
    0.21029103
    0.02788647
    0.09985246
   -0.01620270
    0.06748206
   -0.11398148
    0.04800489
    0.04491952
    0.03621184
   -0.12113422
    0.06529080
    0.05251609
    0.04116398
    0.20010801
   -0.37448849
   -0.34078823
    0.18478052
    0.04431310
    0.09010106
   -0.07057240
    0.06662660
    0.06541222
   -0.00166777
   -0.04431826
    0.04630463
   -0.07398541
    0.03922446
    0.14532923
   -0.44658373
    0.35066169
   -0.05755299
    0.05676617
   -0.04621352
    0.05393486
    0.20482703
   -0.38671210
   -0.30992659
    0.19392971
    0.04275063
    0.06912221
   -0.07249894
    0.07334107
    0.07572033
    0.04616773
   -0.31244883
    0.08918575
    0.01985297
   -0.09198340
    0.20739059
   -0.03275880
    0.06922541
    0.21135099
   -0.34757705
   -0.32251328
    0.20350853
    0.02225059
    0.07917160
   -0.02486642
    0.04089038
   -0.11775429
    0.04193960
    0.05854329
    0.03706808
   -0.06182276
    0.03427573
    0.03705607
   -0.12095700
    0.03602537
    0.06038402
    0.04096957
    0.27658647
   -0.51200142
   -0.15997152
    0.23786879
    0.02860706
    0.08739906
   -0.02272089
    0.07905517
   -0.12793097
    0.04254850
    0.05576713
    0.05985306
   -0.05793062
    0.02333424
    0.03419272
   -0.11502762
    0.03451245
    0.05312851
    0.04422131
    0.20510096
   -0.36414609
    0.21025307
    0.06373724
    0.20329886
    0.04921662
    0.20458885
    0.08852895
    0.18814113
    0.07429762
    0.18140739
    0.07008085
    0.20553770
    0.07693320
