   -0.38152557
    0.15304045
    0.03533150
    0.05963837
   -0.06908613
    0.05434825
    0.03836880
    0.01038722
   -0.04161805
    0.04409125
   -0.03694799
    0.04228730
   -0.03734010
    0.03866850
   -0.03631285
    0.03132615
   -0.03956626
    0.01733318
    0.27369957
   -0.52056498
   -0.15999804
    0.20871915
    0.04408286
    0.08777470
   -0.08311641
    0.03857297
    0.05496731
    0.35783954
   -0.61249466
   -0.64175597
    0.20861625
   -0.36979888
   -0.37844460
    0.15962936
    0.03348334
    0.07736514
   -0.06881052
    0.06800404
    0.04830845
   -0.08378318
    0.07069852
    0.06873650
   -0.02599361
    0.08149593
    0.10289662
   -0.14251783
    0.23562826
    0.23919193
   -0.26530602
    0.24406132
    0.24036353
   -0.26925918
    0.26248674
    0.22709543
    0.19745919
   -0.38023378
   -0.34101318
    0.14086664
    0.03892159
    0.06266894
   -0.08047619
    0.05084054
    0.06267056
   -0.08059461
    0.05825048
    0.04279125
   -0.08785803
    0.07007307
    0.06189343
   -0.04284308
    0.11180565
    0.11135451
   -0.16216129
    0.30964934
    0.31030607
    0.31505554
    0.20756014
   -0.37294462
   -0.34399214
    0.16501147
    0.04094945
    0.08882981
   -0.07824552
    0.04540896
    0.08340911
    0.01303717
   -0.04037272
    0.03737498
   -0.04228349
    0.03349406
   -0.04239879
    0.02569712
   -0.04308770
    0.04754059
   -0.05004803
    0.05806947
    0.20527165
   -0.39702955
   -0.37138076
    0.16586931
    0.04323990
    0.08882575
   -0.06162313
    0.05391324
    0.05543993
    0.00753123
   -0.04211881
    0.03945492
   -0.07603874
    0.04052200
    0.14415019
   -0.47023485
    0.38167927
   -0.06504905
    0.04345916
   -0.03865632
    0.04460487
    0.19910234
   -0.40541462
   -0.37103103
    0.18369172
    0.04049293
    0.05101324
   -0.07533931
    0.04478687
    0.06959456
    0.04659418
   -0.31932551
    0.07830054
    0.05280098
   -0.09682135
    0.22198571
   -0.03094022
    0.04347656
    0.20888623
   -0.38226402
   -0.37930470
    0.15559311
    0.02922279
    0.05066690
   -0.02553749
    0.05098968
   -0.10827871
    0.04310256
    0.03909443
    0.04488649
   -0.05622096
    0.02956094
    0.03087748
   -0.10348981
    0.03053258
    0.03961392
    0.02724665
    0.27203918
   -0.53057923
   -0.16003089
    0.22481615
    0.03072743
    0.07542702
   -0.01325087
    0.05750618
   -0.11446654
    0.04734513
    0.03523160
    0.06001390
   -0.06021652
    0.03188624
    0.04141519
   -0.10475963
    0.05250860
    0.03482217
    0.02683782
    0.20361675
   -0.36178010
    0.19190932
    0.07565865
    0.17564427
    0.04279889
    0.17444628
    0.03743510
    0.15937756
    0.03870606
    0.16845212
    0.06245158
    0.18111715
    0.04936616
    0.17957012
    0.06724771
