           1           2  0.94956365304809776     
           1           3   1.0226813765116265     
           3           4  0.95242219048466015     
           3           5  0.94951954944647021     
           5           6  0.96518534140416912     
           5           7  0.96669511010378073     
           5           8   1.0129023585926802     
           8           9   1.4066522649534072     
           9          10  0.96906368210173044     
           9          11   1.4435810870422030     
          11          12  0.97011869579146093     
           8          13  0.10761805456982025     
          11          13   1.4390837556678995     
          13          14  0.97092311348443894     
           9          15  0.11239367506130828     
          13          15   1.4355749114991756     
          15          16  0.97241231865532118     
           8          17   1.4125042667857310     
          11          17  0.11048469106437268     
          15          17   1.4411828682205541     
          17          18  0.96282928122295985     
           3          19  0.94880690899944664     
          19          20   1.6156591941241190     
          19          21   1.3007044264884278     
          20          21  0.18902536481377330     
          21          22  0.91124171557740641     
          21          23  0.98047659759033290     
          23          24  0.94746416186630944     
          23          25  0.94188801714874892     
          25          26  0.97759273005677605     
          25          27  0.95710476423800173     
          25          28  0.93906341798752080     
          28          29   1.4686099052863764     
          28          30   1.5011018507774221     
          29          30  0.21586062683350440     
          23          31  0.98696631993111517     
          31          32   1.8903060209050546     
          33          34  0.95975503797211636     
          33          35   1.0294706854812845     
          35          36  0.93225177039974383     
          35          37  0.95256994131452277     
          37          38  0.96864776120416596     
          37          39  0.97324603543061805     
          37          40   1.0064363396405507     
          40          41  0.96833228189139398     
          40          42  0.97130213346302807     
          40          43  0.99534470205111081     
          43          44  0.96436946682592994     
          43          45  0.96450137900421795     
          43          46  0.98126621629986932     
          46          47  0.91522080130356742     
          46          48   1.2993521102481247     
          46          49  0.10180365116864576     
          48          49   1.3370484072551510     
          49          50  0.91642745929678138     
          49          51  0.87130606088526719     
          48          52   1.3067652160829035     
          49          52  0.10573913584595784     
          52          53  0.91120483026917976     
          52          54  0.92379143250929574     
          35          55  0.98290070682933905     
          55          56   1.8750430733928158     
          57          58  0.96392191658637616     
          57          59  0.99852269680802852     
          59          60  0.95934430105431279     
          59          61  0.96857627098864585     
          61          62  0.97367567406173916     
          61          63  0.97429491882552621     
          61          64   1.0031911646522726     
          64          65  0.97289677497342908     
          64          66  0.97665906993734442     
          64          67   1.0024442425388673     
          67          68  0.97073184106512933     
          67          69  0.97710788239854085     
          67          70   1.0064732139573189     
          70          71  0.96713257142665643     
          70          72  0.96426630763648991     
          70          73  0.96392519097518392     
          73          74  0.88456483893869853     
          73          75  0.89149005284342475     
          73          76  0.88744355443236533     
          59          77  0.97320297473992712     
          77          78   1.8921391104245879     
          79          80  0.95721887208720569     
          79          81   1.0309223899781277     
          81          82  0.93727474254965604     
          81          83  0.93815727817642403     
          83          84  0.97362039867108163     
          83          85  0.95873039413275307     
          83          86   1.0093830768116472     
          86          87   1.4187993310041360     
          87          88  0.96845563767728482     
          87          89   1.4377736674115109     
          89          90  0.97275898011811635     
          86          91  0.10873402219413895     
          89          91   1.4359769306330950     
          91          92  0.97337274374024674     
          87          93  0.10738801174242323     
          91          93   1.4374427921964954     
          93          94  0.97033629301544266     
          86          95   1.4023319687340801     
          89          95  0.11544210331122495     
          93          95   1.4474611920775680     
          95          96  0.96741337806277961     
          81          97  0.98245593816627230     
          97          98   1.8799843241997367     
          99         100  0.95385556564503260     
          99         101   1.0288042850939985     
         101         102  0.92282855084578164     
         101         103  0.95141172299366672     
         103         104  0.96824723802926271     
         103         105  0.96939362926416828     
         103         106   1.0051536425717540     
         106         107   1.4070709654463365     
         107         108  0.96899317671196417     
         107         109   1.4562690997487595     
         109         110  0.96803085067439976     
         109         111   1.3603152299608330     
         111         112   1.0742002616089554     
         112         113  0.82933743191319209     
         107         114  0.10367878772613782     
         111         114   1.3631080611877850     
         114         115  0.96813747880986711     
         106         116   1.4029780552218700     
         109         116  0.10659773565713558     
         114         116   1.4517512262737071     
         116         117  0.96399333971041812     
         101         118  0.98944365263108391     
         118         119   1.8665882148119433     
         120         121  0.92055718117473229     
         120         122   1.0071886103219718     
         122         123  0.96788275925019551     
         122         124  0.94243368620391899     
         124         125  0.96173673482854438     
         124         126  0.96378219433179946     
         124         127   1.0114410930310047     
         127         128   1.2724543641616943     
         128         129   1.5251232144110416     
         129         130  0.96393475361988079     
         128         131  0.10488085873016186     
         129         131   1.2931991165160022     
         131         132  0.92190120108622620     
         127         133   1.5608688164137676     
         129         133  0.12126946077067881     
         131         133   1.2028754486659512     
         133         134  0.96871336498651173     
         122         135  0.98041356831473858     
         135         136   1.8579087981331359     
         137         138  0.95408583673784519     
         137         139   1.0174900491832113     
         139         140  0.95980933337365337     
         139         141  0.95429729310399669     
         141         142  0.96351606483461238     
         141         143   1.0112577121679047     
         143         144  0.97720950461332956     
         143         145  0.98216081861894344     
         143         146  0.98177016695635988     
         141         147  0.99081268055602645     
         147         148  0.97731167648420803     
         147         149  0.97472771628896693     
         147         150   1.0190649320381266     
         150         151  0.98554872549859651     
         150         152  0.98219504647857880     
         150         153  0.97790998137513452     
         139         154  0.94314407605526285     
         154         155   1.6070006077550081     
         154         156   1.3106458473686990     
         155         156  0.19278682372984290     
         156         157  0.89722744585140257     
         156         158  0.97102418969163240     
         158         159  0.95717258996872889     
         158         160  0.95349366929885593     
         160         161  0.95956871463825744     
         160         162   1.0080525557171292     
         162         163  0.98331428127573062     
         162         164  0.98368578068807866     
         162         165  0.97890335358798142     
         160         166  0.98959444732403179     
         166         167  0.97462953023502874     
         166         168  0.97855712049036225     
         166         169   1.0138883948671271     
         169         170  0.97969605463610010     
         169         171  0.98641211249498950     
         169         172  0.98871514882722966     
         158         173  0.97635174359149901     
         173         174   1.8704125636475488     
           1         175  0.94629302850545227     
          31         176  0.93594448101481031     
          33         177  0.95266944209196003     
          55         178  0.93559589864235848     
          57         179  0.95172164949566729     
          77         180  0.93948764397481055     
          79         181  0.96038020638726940     
          97         182  0.93857203668514488     
          99         183  0.95775205502723315     
         118         184  0.93608019903023254     
         120         185  0.95032748961072822     
         135         186  0.93854224250859553     
         137         187  0.95260464434541214     
         173         188  0.93923231021934428     
